FEBio Tangent Diagnostics Results:
==================================
Diagnostics file: tangentDiagnostic.feb


Actual stiffness matrix:

                  0               1               2               3               4               5               6               7               8               9              10              11              12              13              14              15              16              17              18              19              20              21              22              23 
----------------------------------------------------------------------------------------------------------------------------------------------------------------------------------------------------------------------------------------------------------------------------------------------------------------------------------------------------------------------------------------------------
 0:         1.67471         3.53585         3.53585        -1.66346         3.53386         3.53386       -0.834545        -3.53585         1.76693        0.831732        -3.53386         1.76792        0.831732         1.76792        -3.53386       -0.834545         1.76693        -3.53585       -0.418679        -1.76792        -1.76792        0.413053        -1.76693        -1.76693 
 1:         3.53585         13.3418         10.0005        -3.53386          6.6704         5.00024        -3.53585        -6.66808         4.99742         3.53386        -13.3357         9.99485         1.76792         6.66527        -9.99485        -1.76693         3.33239        -4.99742        -1.76792        -3.33545        -5.00024         1.76693        -6.67065        -10.0005 
 2:         3.53585         10.0005         13.3418        -3.53386         5.00024          6.6704        -1.76693        -4.99742         3.33239         1.76792        -9.99485         6.66527         3.53386         9.99485        -13.3357        -3.53585         4.99742        -6.66808        -1.76792        -5.00024        -3.33545         1.76693        -10.0005        -6.67065 
 3:        -1.66346        -3.53386        -3.53386         1.67471        -3.53585        -3.53585        0.831732         3.53386        -1.76792       -0.834545         3.53585        -1.76693       -0.834545        -1.76693         3.53585        0.831732        -1.76792         3.53386        0.413053         1.76693         1.76693       -0.418679         1.76792         1.76792 
 4:         3.53386          6.6704         5.00024        -3.53585         13.3418         10.0005        -3.53386        -13.3357         9.99485         3.53585        -6.66808         4.99742         1.76693         3.33239        -4.99742        -1.76792         6.66527        -9.99485        -1.76693        -6.67065        -10.0005         1.76792        -3.33545        -5.00024 
 5:         3.53386         5.00024          6.6704        -3.53585         10.0005         13.3418        -1.76792        -9.99485         6.66527         1.76693        -4.99742         3.33239         3.53585         4.99742        -6.66808        -3.53386         9.99485        -13.3357        -1.76693        -10.0005        -6.67065         1.76792        -5.00024        -3.33545 
 6:       -0.834545        -3.53585        -1.76693        0.831732        -3.53386        -1.76792         1.67471         3.53585        -3.53585        -1.66346         3.53386        -3.53386       -0.418679        -1.76792         1.76792        0.413053        -1.76693         1.76693        0.831732         1.76792         3.53386       -0.834545         1.76693         3.53585 
 7:        -3.53585        -6.66808        -4.99742         3.53386        -13.3357        -9.99485         3.53585         13.3418        -10.0005        -3.53386          6.6704        -5.00024        -1.76792        -3.33545         5.00024         1.76693        -6.67065         10.0005         1.76792         6.66527         9.99485        -1.76693         3.33239         4.99742 
 8:         1.76693         4.99742         3.33239        -1.76792         9.99485         6.66527        -3.53585        -10.0005         13.3418         3.53386        -5.00024          6.6704         1.76792         5.00024        -3.33545        -1.76693         10.0005        -6.67065        -3.53386        -9.99485        -13.3357         3.53585        -4.99742        -6.66808 
 9:        0.831732         3.53386         1.76792       -0.834545         3.53585         1.76693        -1.66346        -3.53386         3.53386         1.67471        -3.53585         3.53585        0.413053         1.76693        -1.76693       -0.418679         1.76792        -1.76792       -0.834545        -1.76693        -3.53585        0.831732        -1.76792        -3.53386 
10:        -3.53386        -13.3357        -9.99485         3.53585        -6.66808        -4.99742         3.53386          6.6704        -5.00024        -3.53585         13.3418        -10.0005        -1.76693        -6.67065         10.0005         1.76792        -3.33545         5.00024         1.76693         3.33239         4.99742        -1.76792         6.66527         9.99485 
11:         1.76792         9.99485         6.66527        -1.76693         4.99742         3.33239        -3.53386        -5.00024          6.6704         3.53585        -10.0005         13.3418         1.76693         10.0005        -6.67065        -1.76792         5.00024        -3.33545        -3.53585        -4.99742        -6.66808         3.53386        -9.99485        -13.3357 
12:        0.831732         1.76792         3.53386       -0.834545         1.76693         3.53585       -0.418679        -1.76792         1.76792        0.413053        -1.76693         1.76693         1.67471         3.53585        -3.53585        -1.66346         3.53386        -3.53386       -0.834545        -3.53585        -1.76693        0.831732        -3.53386        -1.76792 
13:         1.76792         6.66527         9.99485        -1.76693         3.33239         4.99742        -1.76792        -3.33545         5.00024         1.76693        -6.67065         10.0005         3.53585         13.3418        -10.0005        -3.53386          6.6704        -5.00024        -3.53585        -6.66808        -4.99742         3.53386        -13.3357        -9.99485 
14:        -3.53386        -9.99485        -13.3357         3.53585        -4.99742        -6.66808         1.76792         5.00024        -3.33545        -1.76693         10.0005        -6.67065        -3.53585        -10.0005         13.3418         3.53386        -5.00024          6.6704         1.76693         4.99742         3.33239        -1.76792         9.99485         6.66527 
15:       -0.834545        -1.76693        -3.53585        0.831732        -1.76792        -3.53386        0.413053         1.76693        -1.76693       -0.418679         1.76792        -1.76792        -1.66346        -3.53386         3.53386         1.67471        -3.53585         3.53585        0.831732         3.53386         1.76792       -0.834545         3.53585         1.76693 
16:         1.76693         3.33239         4.99742        -1.76792         6.66527         9.99485        -1.76693        -6.67065         10.0005         1.76792        -3.33545         5.00024         3.53386          6.6704        -5.00024        -3.53585         13.3418        -10.0005        -3.53386        -13.3357        -9.99485         3.53585        -6.66808        -4.99742 
17:        -3.53585        -4.99742        -6.66808         3.53386        -9.99485        -13.3357         1.76693         10.0005        -6.67065        -1.76792         5.00024        -3.33545        -3.53386        -5.00024          6.6704         3.53585        -10.0005         13.3418         1.76792         9.99485         6.66527        -1.76693         4.99742         3.33239 
18:       -0.418679        -1.76792        -1.76792        0.413053        -1.76693        -1.76693        0.831732         1.76792        -3.53386       -0.834545         1.76693        -3.53585       -0.834545        -3.53585         1.76693        0.831732        -3.53386         1.76792         1.67471         3.53585         3.53585        -1.66346         3.53386         3.53386 
19:        -1.76792        -3.33545        -5.00024         1.76693        -6.67065        -10.0005         1.76792         6.66527        -9.99485        -1.76693         3.33239        -4.99742        -3.53585        -6.66808         4.99742         3.53386        -13.3357         9.99485         3.53585         13.3418         10.0005        -3.53386          6.6704         5.00024 
20:        -1.76792        -5.00024        -3.33545         1.76693        -10.0005        -6.67065         3.53386         9.99485        -13.3357        -3.53585         4.99742        -6.66808        -1.76693        -4.99742         3.33239         1.76792        -9.99485         6.66527         3.53585         10.0005         13.3418        -3.53386         5.00024          6.6704 
21:        0.413053         1.76693         1.76693       -0.418679         1.76792         1.76792       -0.834545        -1.76693         3.53585        0.831732        -1.76792         3.53386        0.831732         3.53386        -1.76792       -0.834545         3.53585        -1.76693        -1.66346        -3.53386        -3.53386         1.67471        -3.53585        -3.53585 
22:        -1.76693        -6.67065        -10.0005         1.76792        -3.33545        -5.00024         1.76693         3.33239        -4.99742        -1.76792         6.66527        -9.99485        -3.53386        -13.3357         9.99485         3.53585        -6.66808         4.99742         3.53386          6.6704         5.00024        -3.53585         13.3418         10.0005 
23:        -1.76693        -10.0005        -6.67065         1.76792        -5.00024        -3.33545         3.53585         4.99742        -6.66808        -3.53386         9.99485        -13.3357        -1.76792        -9.99485         6.66527         1.76693        -4.99742         3.33239         3.53386         5.00024          6.6704        -3.53585         10.0005         13.3418 

Approximate stiffness matrix:

                  0               1               2               3               4               5               6               7               8               9              10              11              12              13              14              15              16              17              18              19              20              21              22              23 
----------------------------------------------------------------------------------------------------------------------------------------------------------------------------------------------------------------------------------------------------------------------------------------------------------------------------------------------------------------------------------------------------
 0:         1.67471         3.53585         3.53585        -1.66346         3.53386         3.53386       -0.834545        -3.53585         1.76693        0.831732        -3.53386         1.76792        0.831732         1.76792        -3.53386       -0.834545         1.76693        -3.53585       -0.418679        -1.76792        -1.76792        0.413053        -1.76693        -1.76693 
 1:         3.53585         13.3418         10.0005        -3.53386          6.6704         5.00024        -3.53585        -6.66808         4.99742         3.53386        -13.3357         9.99485         1.76792         6.66527        -9.99485        -1.76693         3.33239        -4.99742        -1.76792        -3.33545        -5.00024         1.76693        -6.67065        -10.0005 
 2:         3.53585         10.0005         13.3418        -3.53386         5.00024          6.6704        -1.76693        -4.99742         3.33239         1.76792        -9.99485         6.66527         3.53386         9.99485        -13.3357        -3.53585         4.99742        -6.66808        -1.76792        -5.00024        -3.33545         1.76693        -10.0005        -6.67065 
 3:        -1.66346        -3.53386        -3.53386         1.67471        -3.53585        -3.53585        0.831732         3.53386        -1.76792       -0.834545         3.53585        -1.76693       -0.834545        -1.76693         3.53585        0.831732        -1.76792         3.53386        0.413053         1.76693         1.76693       -0.418679         1.76792         1.76792 
 4:         3.53386          6.6704         5.00024        -3.53585         13.3418         10.0005        -3.53386        -13.3357         9.99485         3.53585        -6.66808         4.99742         1.76693         3.33239        -4.99742        -1.76792         6.66527        -9.99485        -1.76693        -6.67065        -10.0005         1.76792        -3.33545        -5.00024 
 5:         3.53386         5.00024          6.6704        -3.53585         10.0005         13.3418        -1.76792        -9.99485         6.66527         1.76693        -4.99742         3.33239         3.53585         4.99742        -6.66808        -3.53386         9.99485        -13.3357        -1.76693        -10.0005        -6.67065         1.76792        -5.00024        -3.33545 
 6:       -0.834545        -3.53585        -1.76693        0.831732        -3.53386        -1.76792         1.67471         3.53585        -3.53585        -1.66346         3.53386        -3.53386       -0.418679        -1.76792         1.76792        0.413054        -1.76693         1.76693        0.831732         1.76792         3.53386       -0.834545         1.76693         3.53585 
 7:        -3.53585        -6.66808        -4.99742         3.53386        -13.3357        -9.99485         3.53585         13.3418        -10.0005        -3.53386          6.6704        -5.00024        -1.76792        -3.33545         5.00024         1.76693        -6.67065         10.0005         1.76792         6.66527         9.99485        -1.76693         3.33239         4.99742 
 8:         1.76693         4.99742         3.33239        -1.76792         9.99485         6.66527        -3.53585        -10.0005         13.3418         3.53386        -5.00024          6.6704         1.76792         5.00024        -3.33545        -1.76693         10.0005        -6.67065        -3.53386        -9.99485        -13.3357         3.53585        -4.99742        -6.66808 
 9:        0.831732         3.53386         1.76792       -0.834545         3.53585         1.76693        -1.66346        -3.53386         3.53386         1.67471        -3.53585         3.53585        0.413053         1.76693        -1.76693       -0.418679         1.76792        -1.76792       -0.834545        -1.76693        -3.53585        0.831732        -1.76792        -3.53386 
10:        -3.53386        -13.3357        -9.99485         3.53585        -6.66808        -4.99742         3.53386          6.6704        -5.00024        -3.53585         13.3418        -10.0005        -1.76693        -6.67065         10.0005         1.76792        -3.33545         5.00024         1.76693         3.33239         4.99742        -1.76792         6.66527         9.99485 
11:         1.76792         9.99485         6.66527        -1.76693         4.99742         3.33239        -3.53386        -5.00024          6.6704         3.53585        -10.0005         13.3418         1.76693         10.0005        -6.67065        -1.76792         5.00024        -3.33545        -3.53585        -4.99742        -6.66808         3.53386        -9.99485        -13.3357 
12:        0.831732         1.76792         3.53386       -0.834545         1.76693         3.53585       -0.418679        -1.76792         1.76792        0.413054        -1.76693         1.76693         1.67471         3.53585        -3.53585        -1.66346         3.53386        -3.53386       -0.834545        -3.53585        -1.76693        0.831732        -3.53386        -1.76792 
13:         1.76792         6.66527         9.99485        -1.76693         3.33239         4.99742        -1.76792        -3.33545         5.00024         1.76693        -6.67065         10.0005         3.53585         13.3418        -10.0005        -3.53386          6.6704        -5.00024        -3.53585        -6.66808        -4.99742         3.53386        -13.3357        -9.99485 
14:        -3.53386        -9.99485        -13.3357         3.53585        -4.99742        -6.66808         1.76792         5.00024        -3.33545        -1.76693         10.0005        -6.67065        -3.53585        -10.0005         13.3418         3.53386        -5.00024          6.6704         1.76693         4.99742         3.33239        -1.76792         9.99485         6.66527 
15:       -0.834545        -1.76693        -3.53585        0.831732        -1.76792        -3.53386        0.413053         1.76693        -1.76693       -0.418679         1.76792        -1.76792        -1.66346        -3.53386         3.53386         1.67471        -3.53585         3.53585        0.831732         3.53386         1.76792       -0.834545         3.53585         1.76693 
16:         1.76693         3.33239         4.99742        -1.76792         6.66527         9.99485        -1.76693        -6.67065         10.0005         1.76792        -3.33545         5.00024         3.53386          6.6704        -5.00024        -3.53585         13.3418        -10.0005        -3.53386        -13.3357        -9.99485         3.53585        -6.66808        -4.99742 
17:        -3.53585        -4.99742        -6.66808         3.53386        -9.99485        -13.3357         1.76693         10.0005        -6.67065        -1.76792         5.00024        -3.33545        -3.53386        -5.00024          6.6704         3.53585        -10.0005         13.3418         1.76792         9.99485         6.66527        -1.76693         4.99742         3.33239 
18:       -0.418679        -1.76792        -1.76792        0.413053        -1.76693        -1.76693        0.831732         1.76792        -3.53386       -0.834545         1.76693        -3.53585       -0.834545        -3.53585         1.76693        0.831732        -3.53386         1.76792         1.67471         3.53585         3.53585        -1.66346         3.53386         3.53386 
19:        -1.76792        -3.33545        -5.00024         1.76693        -6.67065        -10.0005         1.76792         6.66527        -9.99485        -1.76693         3.33239        -4.99742        -3.53585        -6.66808         4.99742         3.53386        -13.3357         9.99485         3.53585         13.3418         10.0005        -3.53386          6.6704         5.00024 
20:        -1.76792        -5.00024        -3.33545         1.76693        -10.0005        -6.67065         3.53386         9.99485        -13.3357        -3.53585         4.99742        -6.66808        -1.76693        -4.99742         3.33239         1.76792        -9.99485         6.66527         3.53585         10.0005         13.3418        -3.53386         5.00024          6.6704 
21:        0.413053         1.76693         1.76693       -0.418679         1.76792         1.76792       -0.834545        -1.76693         3.53585        0.831732        -1.76792         3.53386        0.831732         3.53386        -1.76792       -0.834545         3.53585        -1.76693        -1.66346        -3.53386        -3.53386         1.67471        -3.53585        -3.53585 
22:        -1.76693        -6.67065        -10.0005         1.76792        -3.33545        -5.00024         1.76693         3.33239        -4.99742        -1.76792         6.66527        -9.99485        -3.53386        -13.3357         9.99485         3.53585        -6.66808         4.99742         3.53386          6.6704         5.00024        -3.53585         13.3418         10.0005 
23:        -1.76693        -10.0005        -6.67065         1.76792        -5.00024        -3.33545         3.53585         4.99742        -6.66808        -3.53386         9.99485        -13.3357        -1.76792        -9.99485         6.66527         1.76693        -4.99742         3.33239         3.53386         5.00024          6.6704        -3.53585         10.0005         13.3418 


difference matrix:

                  0               1               2               3               4               5               6               7               8               9              10              11              12              13              14              15              16              17              18              19              20              21              22              23 
----------------------------------------------------------------------------------------------------------------------------------------------------------------------------------------------------------------------------------------------------------------------------------------------------------------------------------------------------------------------------------------------------
 0:     8.00878e-09    -8.01512e-09     2.73516e-08      3.8525e-08    -1.28141e-08    -9.34464e-09     5.42931e-08     1.68731e-08     5.82494e-08    -9.86789e-09     7.45052e-08      1.7335e-08     1.09163e-08    -3.35358e-08      6.3815e-08      7.5576e-08     3.00818e-08     5.29119e-08     -2.5158e-08      2.5285e-08    -2.50307e-09     2.32716e-08     4.44571e-08     6.17827e-08 
 1:    -4.41836e-08    -4.66388e-08    -5.85858e-08      1.1483e-07    -1.30863e-07    -7.97528e-08     6.22722e-08     4.91514e-08     2.88429e-08     5.40178e-08     5.38541e-08    -6.22972e-08     7.25159e-08    -1.50494e-07     1.73318e-07     1.92337e-07     7.84927e-08     1.14046e-07    -6.71634e-08     1.27618e-07    -1.42046e-08     1.41988e-08     3.93549e-08     1.67382e-07 
 2:     2.18776e-08     7.92862e-08     1.23198e-08     2.46924e-07       1.954e-08     -3.3415e-08     1.42582e-07     2.64333e-07     1.24283e-07     6.47994e-09     3.93108e-07    -1.37943e-08     1.64575e-07     1.93096e-08     9.70187e-08     2.29753e-07     1.87054e-07     1.31571e-07    -4.23002e-08     2.53895e-07     3.47465e-08     8.21874e-08     1.39831e-07     1.42099e-07 
 3:    -7.91138e-09    -2.95023e-08    -6.48473e-08    -3.84276e-08     5.03315e-08     4.68512e-08    -5.42226e-08    -5.43607e-08    -4.57519e-08     9.97093e-09    -3.69958e-08    -2.98216e-08    -1.09759e-08     2.10384e-08    -2.63056e-08    -7.55705e-08    -1.75735e-08    -9.04104e-08     2.50931e-08    -3.78001e-08    -1.00012e-08     -2.3239e-08     -3.1942e-08    -4.92893e-08 
 4:    -2.84507e-08     -5.2418e-08     1.12315e-07      7.3627e-08    -1.53886e-07    -9.85441e-08     7.63752e-08    -8.55119e-08     1.29087e-07    -3.71275e-08     1.11362e-07     1.18292e-07    -3.92115e-09    -3.93199e-08      8.9058e-08     2.30916e-07    -3.27764e-08     1.82487e-07    -5.34959e-09     7.21223e-08    -1.64333e-08     1.12398e-08      6.4118e-08     1.73411e-07 
 5:    -6.05106e-08     5.16135e-08     1.85698e-07     9.48351e-09     -4.0393e-08    -3.48098e-08      6.3418e-08     2.02129e-07     1.56253e-07    -1.48455e-07     2.40887e-07     2.94271e-07    -5.05024e-09     4.24835e-08     1.04754e-07     1.26125e-07     1.44256e-07       2.062e-07    -9.82238e-08     8.69871e-08     6.55077e-08     7.92233e-08     1.38731e-07     1.93701e-07 
 6:     3.99274e-08     1.44661e-08    -4.18019e-09    -2.19025e-08     3.02397e-10     1.61994e-08     1.15433e-08     1.71275e-08     3.99232e-08    -9.57021e-09     -7.1502e-08     1.00168e-08    -1.13236e-08     2.93508e-08    -1.64596e-08    -7.20514e-08    -1.52933e-08    -1.44356e-08     2.64381e-09    -4.95386e-08    -2.91422e-08     1.63569e-08    -2.13094e-08    -7.11807e-08 
 7:     4.16927e-08     5.24035e-08    -1.47723e-07    -8.69029e-08      1.5383e-07    -7.56068e-09    -6.30994e-08     8.54938e-08    -2.30194e-08     2.38632e-08     -1.1138e-07     -8.2956e-08     8.33712e-09     3.93345e-08    -5.37338e-08    -2.35348e-07     3.28074e-08    -7.64674e-08     9.78118e-09    -7.21183e-08    -8.96153e-08    -1.56604e-08    -6.41113e-08    -2.08763e-07 
 8:     -7.9796e-08     8.43799e-08     2.00127e-07      3.0832e-08     1.01063e-07     3.45665e-08    -7.28969e-08     3.91025e-08    -2.96242e-08    -7.22818e-08      2.5977e-07     5.41823e-08    -5.67306e-08     1.88794e-08     1.81199e-07     2.35311e-07     5.90928e-08     6.34875e-08    -3.60931e-08      2.3807e-07     8.64697e-08     1.97219e-08      1.4787e-07     2.10018e-07 
 9:    -3.99653e-08     2.30405e-08    -8.33895e-09      2.1908e-08    -3.78524e-08    -3.70196e-09    -1.14242e-08     2.03601e-08    -2.42743e-09     9.60256e-09     3.39709e-08    -4.75235e-08     1.12478e-08    -1.68642e-08      2.8953e-08     7.19756e-08     2.77412e-09     1.90963e-09    -2.64918e-09     6.20429e-08    -8.35633e-09    -1.63514e-08     8.80516e-09     1.08679e-07 
10:     3.09417e-08     4.65845e-08    -4.75289e-08    -1.01554e-07     1.30839e-07      4.4382e-08    -7.55481e-08    -4.91726e-08     6.51792e-09    -4.07535e-08    -5.38521e-08     1.68401e-07    -7.69319e-08     1.50525e-07    -6.72983e-08    -1.87905e-07    -7.84782e-08    -7.87218e-08     6.27318e-08      -1.276e-07    -2.11317e-08     -9.7782e-09    -3.93399e-08    -2.73439e-07 
11:    -8.37562e-08     1.67145e-07    -8.63253e-08     2.10202e-08     6.66846e-08     5.09821e-08    -6.03924e-08     1.36744e-07    -1.15775e-07    -4.68257e-08     2.19611e-07    -1.99657e-07    -1.06716e-08    -5.14141e-08     7.07334e-08     1.87907e-07     1.09838e-07     5.24041e-08    -1.03796e-07     2.98982e-07     3.14817e-08     2.86148e-08     1.56887e-07     1.43455e-07 
12:    -2.79741e-08     5.42954e-08      9.2592e-08     4.59231e-08     5.54629e-08     3.51903e-08     1.64211e-08      9.8035e-08     5.75263e-08    -4.24202e-08     1.49636e-07     9.84733e-08     3.92446e-08     5.34225e-09     5.74981e-08     4.40761e-08     8.70409e-08     1.16507e-07    -2.67185e-08     9.52175e-08     5.45836e-08     3.17329e-08     1.04017e-07     7.35754e-08 
13:     -1.7682e-08     1.51656e-07     1.25975e-07     1.53115e-07     1.69973e-07     1.44518e-07     2.18254e-09     3.04724e-07     2.67923e-08    -7.67167e-08     4.17356e-07    -9.55937e-09     6.37399e-08    -2.31659e-08     1.35837e-07     2.43015e-07     1.71274e-07     1.17199e-07     -7.8937e-08     3.78118e-07       1.276e-07     9.66034e-08     1.15914e-07     2.59619e-07 
14:    -3.51195e-08    -1.85409e-07    -1.23656e-08    -2.33641e-07    -5.49249e-08     3.34054e-08    -1.38124e-07    -2.28999e-07    -1.24278e-07    -1.08763e-08    -2.87033e-07     1.38255e-08     -1.5134e-07     8.67952e-08     -9.7072e-08    -2.43025e-07    -1.51683e-07    -1.31602e-07     3.78686e-08    -2.89236e-07    -3.47247e-08    -7.77668e-08    -2.45888e-07    -1.42084e-07 
15:     2.79145e-08    -6.68037e-08    -5.50746e-08    -4.59285e-08    -4.29438e-08    -7.27078e-08    -1.65837e-08    -1.10539e-07    -7.00238e-08     4.23119e-08    -1.37153e-07    -8.59541e-08    -3.91256e-08    -4.28705e-08    -9.49641e-08    -4.39896e-08    -4.95235e-08    -7.90087e-08     2.67131e-08    -1.32727e-07    -4.20793e-08    -3.17166e-08    -6.65187e-08    -8.60796e-08 
16:    -1.11877e-07     1.41151e-07     3.20372e-07    -3.33119e-08       7.305e-08     2.39659e-07    -6.81233e-08     1.85042e-07      1.3879e-07     -2.0126e-07     3.42019e-07     2.77127e-07    -4.02198e-08     5.33869e-08     2.43969e-07     1.12824e-07     9.45718e-08     2.28703e-07    -1.28971e-07     1.11299e-07      3.0984e-07     8.77054e-08      1.7526e-07     2.77395e-07 
17:     7.37525e-08    -8.69892e-08    -1.85744e-07    -2.27659e-08    -6.57327e-08     3.47739e-08     -6.7876e-08    -9.60719e-08    -1.56259e-07     1.52851e-07    -2.05548e-07    -2.94292e-07    -8.18468e-09    -7.11271e-09    -1.04786e-07    -1.12853e-07    -3.81517e-08    -2.06255e-07     1.02655e-07    -1.93054e-07    -6.54844e-08    -8.36439e-08    -1.74083e-07    -1.93694e-07 
18:      1.9999e-08    -5.33738e-08    -5.27016e-08     5.59912e-09    -5.96154e-08    -6.30957e-08      4.1957e-08       -7.93e-08     -3.8512e-08     5.80011e-08    -1.48009e-07    -8.62738e-09     3.72169e-08    -1.78648e-08     -8.9278e-08    -7.55814e-08     -9.4446e-08    -4.32719e-08     5.31875e-08    -9.03386e-08    -6.25722e-08    -2.71885e-08    -8.64423e-08    -1.03789e-07 
19:     1.16299e-07    -1.41131e-07    -2.84965e-07     2.88706e-08    -7.29982e-08    -1.33554e-07     7.25647e-08    -1.85029e-07    -2.44858e-07     1.96855e-07    -3.41999e-07    -3.12463e-07       5.346e-08    -5.33965e-08    -2.79293e-07    -1.26098e-07    -9.46073e-08    -3.34722e-07     1.42244e-07    -1.11306e-07    -2.03791e-07    -1.00967e-07    -1.75265e-07    -2.42044e-07 
20:     8.42185e-08    -4.90042e-08    -2.00076e-07    -3.52752e-08     5.06241e-09    -3.45357e-08     5.96045e-08    -1.45159e-07     2.96256e-08     8.55167e-08    -2.95109e-07    -5.41611e-08     5.23342e-08    -5.42501e-08    -1.81167e-07    -2.30883e-07    -1.65198e-07    -6.34369e-08     4.93664e-08    -1.32003e-07    -8.64949e-08    -3.29838e-08    -1.12519e-07    -2.10023e-07 
21:    -1.99555e-08      6.5893e-08     6.52316e-08    -5.70746e-09      4.7118e-08       5.062e-08    -4.19732e-08     9.18151e-08     1.01628e-09    -5.80173e-08     1.35527e-07     4.61448e-08    -3.71789e-08     5.53822e-08     7.67955e-08      7.5576e-08     5.69503e-08      5.5787e-08    -5.30901e-08     1.27848e-07     1.00092e-07     2.71992e-08     4.89329e-08     6.63235e-08 
22:     1.32595e-08    -1.51607e-07      -1.986e-08    -1.48673e-07    -1.69944e-07    -1.09147e-07    -6.62393e-09    -3.04698e-07    -6.21531e-08     8.11209e-08     -4.1736e-07    -9.65447e-08      -7.698e-08       2.313e-08    -2.41857e-07    -2.29742e-07    -1.71284e-07    -1.52523e-07     6.56638e-08    -3.78133e-07    -9.22638e-08    -8.33414e-08    -1.15931e-07    -1.53562e-07 
23:     7.93337e-08    -6.10217e-08     8.63661e-08    -1.65771e-08    -3.12997e-08    -5.09675e-08     7.36849e-08    -1.72078e-07     1.15775e-07     3.35908e-08    -3.25686e-07     1.99625e-07      1.5068e-08    -5.46907e-08     -7.0679e-08    -1.92336e-07    -1.45208e-07    -5.23686e-08     9.05232e-08    -2.63641e-07    -3.15016e-08    -1.53528e-08    -5.08301e-08    -1.43472e-07 

Maximum difference: 2.49213e-05% (at (22,10))
