FEBio Tangent Diagnostics Results:
==================================
Diagnostics file: tangentDiagnostic.feb


Actual stiffness matrix:

                  0               1               2               3               4               5               6               7               8               9              10              11              12              13              14              15              16              17              18              19              20              21              22              23 
----------------------------------------------------------------------------------------------------------------------------------------------------------------------------------------------------------------------------------------------------------------------------------------------------------------------------------------------------------------------------------------------------
 0:         1.12214         3.06927          3.3242        -1.10744         3.06743         3.32221       -0.557103        -3.06927         1.66111        0.554305        -3.06743          1.6621        0.553137         1.53463        -3.32221       -0.557687         1.53372         -3.3242       -0.280535        -1.53463         -1.6621        0.273187        -1.53372        -1.66111 
 1:         3.06927         15.0979         12.2524        -3.06743           7.548         6.12621        -3.06927        -7.54463         6.12223         3.06743        -15.0883         12.2445         1.53463         7.54032        -12.2445        -1.53372         3.76969        -6.12223        -1.53463        -3.77447        -6.12621         1.53372        -7.54847        -12.2524 
 2:          3.3242         12.2524         17.7002        -3.32221         6.12621         8.84916        -1.66111        -6.12223          4.4209          1.6621        -12.2445         8.84275         3.32221         12.2445        -17.6919         -3.3242         6.12223        -8.84643         -1.6621        -6.12621        -4.42505         1.66111        -12.2524        -8.84963 
 3:        -1.10744        -3.06743        -3.32221         1.12214        -3.06927         -3.3242        0.554305         3.06743         -1.6621       -0.557103         3.06927        -1.66111       -0.557687        -1.53372          3.3242        0.553137        -1.53463         3.32221        0.273187         1.53372         1.66111       -0.280535         1.53463          1.6621 
 4:         3.06743           7.548         6.12621        -3.06927         15.0979         12.2524        -3.06743        -15.0883         12.2445         3.06927        -7.54463         6.12223         1.53372         3.76969        -6.12223        -1.53463         7.54032        -12.2445        -1.53372        -7.54847        -12.2524         1.53463        -3.77447        -6.12621 
 5:         3.32221         6.12621         8.84916         -3.3242         12.2524         17.7002         -1.6621        -12.2445         8.84275         1.66111        -6.12223          4.4209          3.3242         6.12223        -8.84643        -3.32221         12.2445        -17.6919        -1.66111        -12.2524        -8.84963          1.6621        -6.12621        -4.42505 
 6:       -0.557103        -3.06927        -1.66111        0.554305        -3.06743         -1.6621         1.12214         3.06927         -3.3242        -1.10744         3.06743        -3.32221       -0.280535        -1.53463          1.6621        0.273187        -1.53372         1.66111        0.553137         1.53463         3.32221       -0.557687         1.53372          3.3242 
 7:        -3.06927        -7.54463        -6.12223         3.06743        -15.0883        -12.2445         3.06927         15.0979        -12.2524        -3.06743           7.548        -6.12621        -1.53463        -3.77447         6.12621         1.53372        -7.54847         12.2524         1.53463         7.54032         12.2445        -1.53372         3.76969         6.12223 
 8:         1.66111         6.12223          4.4209         -1.6621         12.2445         8.84275         -3.3242        -12.2524         17.7002         3.32221        -6.12621         8.84916          1.6621         6.12621        -4.42505        -1.66111         12.2524        -8.84963        -3.32221        -12.2445        -17.6919          3.3242        -6.12223        -8.84643 
 9:        0.554305         3.06743          1.6621       -0.557103         3.06927         1.66111        -1.10744        -3.06743         3.32221         1.12214        -3.06927          3.3242        0.273187         1.53372        -1.66111       -0.280535         1.53463         -1.6621       -0.557687        -1.53372         -3.3242        0.553137        -1.53463        -3.32221 
10:        -3.06743        -15.0883        -12.2445         3.06927        -7.54463        -6.12223         3.06743           7.548        -6.12621        -3.06927         15.0979        -12.2524        -1.53372        -7.54847         12.2524         1.53463        -3.77447         6.12621         1.53372         3.76969         6.12223        -1.53463         7.54032         12.2445 
11:          1.6621         12.2445         8.84275        -1.66111         6.12223          4.4209        -3.32221        -6.12621         8.84916          3.3242        -12.2524         17.7002         1.66111         12.2524        -8.84963         -1.6621         6.12621        -4.42505         -3.3242        -6.12223        -8.84643         3.32221        -12.2445        -17.6919 
12:        0.553137         1.53463         3.32221       -0.557687         1.53372          3.3242       -0.280535        -1.53463          1.6621        0.273187        -1.53372         1.66111         1.12214         3.06927         -3.3242        -1.10744         3.06743        -3.32221       -0.557103        -3.06927        -1.66111        0.554305        -3.06743         -1.6621 
13:         1.53463         7.54032         12.2445        -1.53372         3.76969         6.12223        -1.53463        -3.77447         6.12621         1.53372        -7.54847         12.2524         3.06927         15.0979        -12.2524        -3.06743           7.548        -6.12621        -3.06927        -7.54463        -6.12223         3.06743        -15.0883        -12.2445 
14:        -3.32221        -12.2445        -17.6919          3.3242        -6.12223        -8.84643          1.6621         6.12621        -4.42505        -1.66111         12.2524        -8.84963         -3.3242        -12.2524         17.7002         3.32221        -6.12621         8.84916         1.66111         6.12223          4.4209         -1.6621         12.2445         8.84275 
15:       -0.557687        -1.53372         -3.3242        0.553137        -1.53463        -3.32221        0.273187         1.53372        -1.66111       -0.280535         1.53463         -1.6621        -1.10744        -3.06743         3.32221         1.12214        -3.06927          3.3242        0.554305         3.06743          1.6621       -0.557103         3.06927         1.66111 
16:         1.53372         3.76969         6.12223        -1.53463         7.54032         12.2445        -1.53372        -7.54847         12.2524         1.53463        -3.77447         6.12621         3.06743           7.548        -6.12621        -3.06927         15.0979        -12.2524        -3.06743        -15.0883        -12.2445         3.06927        -7.54463        -6.12223 
17:         -3.3242        -6.12223        -8.84643         3.32221        -12.2445        -17.6919         1.66111         12.2524        -8.84963         -1.6621         6.12621        -4.42505        -3.32221        -6.12621         8.84916          3.3242        -12.2524         17.7002          1.6621         12.2445         8.84275        -1.66111         6.12223          4.4209 
18:       -0.280535        -1.53463         -1.6621        0.273187        -1.53372        -1.66111        0.553137         1.53463        -3.32221       -0.557687         1.53372         -3.3242       -0.557103        -3.06927         1.66111        0.554305        -3.06743          1.6621         1.12214         3.06927          3.3242        -1.10744         3.06743         3.32221 
19:        -1.53463        -3.77447        -6.12621         1.53372        -7.54847        -12.2524         1.53463         7.54032        -12.2445        -1.53372         3.76969        -6.12223        -3.06927        -7.54463         6.12223         3.06743        -15.0883         12.2445         3.06927         15.0979         12.2524        -3.06743           7.548         6.12621 
20:         -1.6621        -6.12621        -4.42505         1.66111        -12.2524        -8.84963         3.32221         12.2445        -17.6919         -3.3242         6.12223        -8.84643        -1.66111        -6.12223          4.4209          1.6621        -12.2445         8.84275          3.3242         12.2524         17.7002        -3.32221         6.12621         8.84916 
21:        0.273187         1.53372         1.66111       -0.280535         1.53463          1.6621       -0.557687        -1.53372          3.3242        0.553137        -1.53463         3.32221        0.554305         3.06743         -1.6621       -0.557103         3.06927        -1.66111        -1.10744        -3.06743        -3.32221         1.12214        -3.06927         -3.3242 
22:        -1.53372        -7.54847        -12.2524         1.53463        -3.77447        -6.12621         1.53372         3.76969        -6.12223        -1.53463         7.54032        -12.2445        -3.06743        -15.0883         12.2445         3.06927        -7.54463         6.12223         3.06743           7.548         6.12621        -3.06927         15.0979         12.2524 
23:        -1.66111        -12.2524        -8.84963          1.6621        -6.12621        -4.42505          3.3242         6.12223        -8.84643        -3.32221         12.2445        -17.6919         -1.6621        -12.2445         8.84275         1.66111        -6.12223          4.4209         3.32221         6.12621         8.84916         -3.3242         12.2524         17.7002 

Approximate stiffness matrix:

                  0               1               2               3               4               5               6               7               8               9              10              11              12              13              14              15              16              17              18              19              20              21              22              23 
----------------------------------------------------------------------------------------------------------------------------------------------------------------------------------------------------------------------------------------------------------------------------------------------------------------------------------------------------------------------------------------------------
 0:         1.12214         3.06927          3.3242        -1.10744         3.06743         3.32221       -0.557103        -3.06927         1.66111        0.554305        -3.06743          1.6621        0.553137         1.53463        -3.32221       -0.557687         1.53372         -3.3242       -0.280535        -1.53463         -1.6621        0.273187        -1.53372        -1.66111 
 1:         3.06927         15.0979         12.2524        -3.06743           7.548         6.12621        -3.06927        -7.54464         6.12222         3.06743        -15.0883         12.2445         1.53463         7.54032        -12.2445        -1.53372         3.76969        -6.12223        -1.53463        -3.77447        -6.12621         1.53372        -7.54847        -12.2524 
 2:          3.3242         12.2524         17.7002        -3.32221         6.12621         8.84916        -1.66111        -6.12223          4.4209          1.6621        -12.2445         8.84275         3.32221         12.2445        -17.6919         -3.3242         6.12222        -8.84643         -1.6621        -6.12621        -4.42505         1.66111        -12.2524        -8.84963 
 3:        -1.10744        -3.06743        -3.32221         1.12214        -3.06927         -3.3242        0.554305         3.06743         -1.6621       -0.557103         3.06927        -1.66111       -0.557687        -1.53372          3.3242        0.553137        -1.53463         3.32221        0.273187         1.53372         1.66111       -0.280535         1.53463          1.6621 
 4:         3.06743           7.548         6.12621        -3.06927         15.0979         12.2524        -3.06743        -15.0883         12.2444         3.06927        -7.54463         6.12223         1.53372         3.76969        -6.12223        -1.53463         7.54032        -12.2445        -1.53372        -7.54847        -12.2524         1.53463        -3.77447        -6.12621 
 5:         3.32221         6.12621         8.84916         -3.3242         12.2524         17.7002         -1.6621        -12.2445         8.84275         1.66111        -6.12223          4.4209          3.3242         6.12222        -8.84643        -3.32221         12.2444        -17.6919        -1.66111        -12.2524        -8.84963          1.6621        -6.12621        -4.42505 
 6:       -0.557103        -3.06927        -1.66111        0.554305        -3.06743         -1.6621         1.12214         3.06927         -3.3242        -1.10744         3.06743        -3.32221       -0.280535        -1.53463          1.6621        0.273187        -1.53372         1.66111        0.553137         1.53463         3.32221       -0.557687         1.53372          3.3242 
 7:        -3.06927        -7.54463        -6.12222         3.06743        -15.0883        -12.2444         3.06927         15.0979        -12.2524        -3.06743           7.548        -6.12621        -1.53463        -3.77447         6.12621         1.53372        -7.54847         12.2524         1.53463         7.54032         12.2445        -1.53372         3.76969         6.12223 
 8:         1.66111         6.12222          4.4209         -1.6621         12.2444         8.84275         -3.3242        -12.2524         17.7002         3.32221        -6.12621         8.84916          1.6621         6.12621        -4.42505        -1.66111         12.2524        -8.84963        -3.32221        -12.2445        -17.6919          3.3242        -6.12223        -8.84643 
 9:        0.554305         3.06743          1.6621       -0.557103         3.06927         1.66111        -1.10744        -3.06743         3.32221         1.12214        -3.06927          3.3242        0.273187         1.53372        -1.66111       -0.280535         1.53463         -1.6621       -0.557687        -1.53372         -3.3242        0.553137        -1.53463        -3.32221 
10:        -3.06743        -15.0883        -12.2444         3.06927        -7.54463        -6.12223         3.06743           7.548        -6.12621        -3.06927         15.0979        -12.2524        -1.53372        -7.54847         12.2524         1.53463        -3.77447         6.12621         1.53372         3.76969         6.12223        -1.53463         7.54032         12.2445 
11:          1.6621         12.2444         8.84275        -1.66111         6.12222          4.4209        -3.32221        -6.12621         8.84916          3.3242        -12.2524         17.7002         1.66111         12.2524        -8.84963         -1.6621         6.12621        -4.42505         -3.3242        -6.12223        -8.84643         3.32221        -12.2445        -17.6919 
12:        0.553137         1.53463         3.32221       -0.557687         1.53372          3.3242       -0.280535        -1.53463          1.6621        0.273187        -1.53372         1.66111         1.12214         3.06927         -3.3242        -1.10744         3.06743        -3.32221       -0.557103        -3.06927        -1.66111        0.554305        -3.06743         -1.6621 
13:         1.53463         7.54032         12.2444        -1.53372         3.76969         6.12223        -1.53463        -3.77447         6.12621         1.53372        -7.54847         12.2524         3.06927         15.0979        -12.2524        -3.06743           7.548        -6.12621        -3.06927        -7.54464        -6.12223         3.06743        -15.0883        -12.2445 
14:        -3.32221        -12.2444        -17.6919          3.3242        -6.12222        -8.84643          1.6621         6.12621        -4.42505        -1.66111         12.2524        -8.84963         -3.3242        -12.2524         17.7002         3.32221        -6.12621         8.84916         1.66111         6.12223          4.4209         -1.6621         12.2445         8.84275 
15:       -0.557687        -1.53372         -3.3242        0.553137        -1.53463        -3.32221        0.273187         1.53372        -1.66111       -0.280535         1.53463         -1.6621        -1.10744        -3.06743         3.32221         1.12214        -3.06927          3.3242        0.554305         3.06743          1.6621       -0.557103         3.06927         1.66111 
16:         1.53372         3.76969         6.12222        -1.53463         7.54032         12.2444        -1.53372        -7.54847         12.2524         1.53463        -3.77447         6.12621         3.06743           7.548        -6.12621        -3.06927         15.0979        -12.2524        -3.06743        -15.0883        -12.2445         3.06927        -7.54464        -6.12223 
17:         -3.3242        -6.12222        -8.84643         3.32221        -12.2444        -17.6919         1.66111         12.2524        -8.84963         -1.6621         6.12621        -4.42505        -3.32221        -6.12621         8.84916          3.3242        -12.2524         17.7002          1.6621         12.2445         8.84275        -1.66111         6.12223          4.4209 
18:       -0.280535        -1.53463         -1.6621        0.273187        -1.53372        -1.66111        0.553137         1.53463        -3.32221       -0.557687         1.53372         -3.3242       -0.557103        -3.06927         1.66111        0.554305        -3.06743          1.6621         1.12214         3.06927          3.3242        -1.10744         3.06743         3.32221 
19:        -1.53463        -3.77447        -6.12621         1.53372        -7.54847        -12.2524         1.53463         7.54032        -12.2444        -1.53372         3.76969        -6.12223        -3.06927        -7.54463         6.12223         3.06743        -15.0883         12.2445         3.06927         15.0979         12.2524        -3.06743           7.548         6.12621 
20:         -1.6621        -6.12621        -4.42505         1.66111        -12.2524        -8.84963         3.32221         12.2445        -17.6919         -3.3242         6.12223        -8.84643        -1.66111        -6.12222          4.4209          1.6621        -12.2444         8.84275          3.3242         12.2524         17.7002        -3.32221         6.12621         8.84916 
21:        0.273187         1.53372         1.66111       -0.280535         1.53463          1.6621       -0.557687        -1.53372          3.3242        0.553137        -1.53463         3.32221        0.554305         3.06743         -1.6621       -0.557103         3.06927        -1.66111        -1.10744        -3.06743        -3.32221         1.12214        -3.06927         -3.3242 
22:        -1.53372        -7.54847        -12.2524         1.53463        -3.77447        -6.12621         1.53372         3.76969        -6.12222        -1.53463         7.54032        -12.2445        -3.06743        -15.0883         12.2445         3.06927        -7.54463         6.12223         3.06743           7.548         6.12621        -3.06927         15.0979         12.2524 
23:        -1.66111        -12.2524        -8.84963          1.6621        -6.12621        -4.42505          3.3242         6.12223        -8.84643        -3.32221         12.2445        -17.6919         -1.6621        -12.2444         8.84275         1.66111        -6.12222          4.4209         3.32221         6.12621         8.84916         -3.3242         12.2524         17.7002 


difference matrix:

                  0               1               2               3               4               5               6               7               8               9              10              11              12              13              14              15              16              17              18              19              20              21              22              23 
----------------------------------------------------------------------------------------------------------------------------------------------------------------------------------------------------------------------------------------------------------------------------------------------------------------------------------------------------------------------------------------------------
 0:     8.11212e-09     1.94456e-08     5.71765e-09     3.96693e-08      8.7591e-09     2.90149e-08      3.3329e-08    -2.90067e-09     5.59532e-09     2.34661e-08     3.90438e-09    -4.48244e-08     4.61304e-08    -3.39055e-08      4.4147e-08    -7.45253e-10      4.2641e-08     2.31872e-08     1.01747e-08     2.01361e-08    -1.68788e-09     -2.4416e-08     2.85477e-08     2.32011e-08 
 1:    -9.24403e-08     7.12191e-08     1.04422e-07     2.49013e-07    -1.20137e-08    -4.02144e-08     1.48055e-07     1.17664e-07     1.04203e-07    -4.12284e-08     1.28512e-07      3.4258e-08     1.46162e-08    -5.37785e-08     2.76316e-07    -7.17987e-08     2.40525e-07     1.57454e-07     2.78299e-08     1.76541e-07     1.07557e-07    -7.68531e-08     1.28903e-07     3.24246e-07 
 2:    -9.99968e-08     2.00814e-07     7.15466e-08     2.36727e-07     1.23847e-07    -1.28453e-07     2.71602e-07     1.92205e-07     5.33703e-08    -4.12596e-08     2.62002e-07    -1.73671e-07     1.26856e-08     7.99696e-08      3.4613e-09     2.48454e-08     2.93371e-07     5.13908e-08    -2.89684e-09     1.70194e-07     1.12573e-07    -8.31266e-08     1.56949e-07     2.20218e-07 
 3:    -7.94884e-09    -5.41221e-08    -4.63838e-08    -3.95711e-08     2.58957e-08      1.1673e-08     -3.3216e-08    -3.17684e-08     7.98319e-09    -2.33748e-08      3.0743e-08     3.13543e-08    -4.62167e-08     2.23243e-08    -3.54144e-09     7.67421e-10    -3.10816e-08    -6.37711e-08     -1.0278e-08    -3.17352e-08    -1.18603e-08     2.44211e-08    -1.69919e-08    -9.65287e-09 
 4:     6.47779e-08     1.85471e-07     8.49453e-08     9.22269e-08      1.8531e-08     7.11097e-08      1.5444e-07     -1.1081e-07      2.8499e-07     6.65919e-08     -6.8932e-08    -1.65822e-09     2.77595e-07     3.19663e-08     1.46359e-07     3.80647e-08     1.85571e-07     4.62738e-07     3.00173e-08     2.01044e-07     1.68406e-07    -7.88354e-08     5.14567e-08      1.4926e-07 
 5:     7.02935e-08     2.47432e-07     2.21356e-07    -2.37069e-08     5.33128e-08     9.27355e-08     1.76833e-07     1.26472e-07      2.2143e-07     8.68015e-08    -4.26678e-08    -9.44427e-08     2.86175e-07     6.75104e-08     3.95224e-08    -2.55692e-08     3.39327e-07      2.0543e-07     -9.1075e-08      7.8515e-08     8.47411e-08    -8.52346e-08     1.91441e-07     3.41798e-08 
 6:     1.88007e-08    -6.20114e-08    -5.93067e-08    -4.98476e-08    -7.39196e-08    -2.00109e-08    -4.56426e-08    -1.64632e-08    -5.93206e-08     1.99802e-08    -9.35029e-08    -4.04207e-08    -3.23044e-08    -3.18839e-08    -5.71626e-08     9.58459e-09    -1.00125e-07     -1.0469e-07    -4.43675e-09    -8.64459e-08    -1.17396e-07     1.88571e-08    -4.73477e-08    -1.19074e-07 
 7:     -5.5376e-08    -1.85537e-07    -1.34825e-07    -1.01612e-07    -1.86864e-08    -2.20734e-07    -1.45012e-07     1.10848e-07    -1.35261e-07     -7.5964e-08      6.8955e-08     5.15799e-08    -2.74445e-07    -3.19087e-08    -9.64225e-08    -4.11929e-08     -1.8546e-07    -3.13064e-07    -2.68596e-08    -2.01056e-07    -3.18034e-07     7.57436e-08    -5.14373e-08    -1.99093e-07 
 8:    -8.18799e-08      4.3239e-07     2.10012e-07     5.33805e-08     4.51722e-07     2.82766e-08     2.80692e-07      6.5692e-08     2.28338e-07    -4.10682e-08     2.99545e-07    -1.69713e-08     1.73887e-07     2.83814e-07     2.57159e-07     1.68191e-07     2.80188e-07     3.64881e-07     1.98764e-08     5.41325e-07      3.2894e-07    -9.64933e-08     2.22151e-07     3.76917e-07 
 9:    -1.89479e-08     9.66229e-08     4.56848e-08     4.98089e-08     3.92214e-08      3.3481e-08     4.56324e-08     5.11105e-08     9.99218e-08    -1.99037e-08     5.87687e-08    -3.32186e-10     3.21794e-08        4.34e-08     7.06675e-08    -9.64455e-09     8.85226e-08     9.10981e-08      4.3505e-09     9.79583e-08     7.67034e-08    -1.89217e-08     3.57486e-08     1.59615e-07 
10:      8.3098e-08    -7.13286e-08     -2.5415e-07    -2.39592e-07     1.19992e-08    -9.67089e-09    -1.57452e-07     -1.1768e-07     -5.4264e-08     5.06534e-08     -1.2853e-07     1.15483e-07    -1.77259e-08     5.38559e-08    -1.26645e-07     7.49533e-08    -2.40444e-07    -1.07591e-07    -3.09588e-08    -1.76531e-07    -1.57452e-07     8.00111e-08    -1.28882e-07    -4.73875e-07 
11:    -2.43076e-07     4.18285e-07      2.2113e-07     1.23855e-07     1.27966e-07    -8.22858e-08     2.03712e-07     1.63824e-07     2.21101e-07    -8.77702e-08     3.00483e-07    -7.62516e-08    -1.37247e-08     5.41027e-08      1.9605e-07    -4.80455e-08     3.86175e-07      1.4566e-07    -7.74923e-08     3.00249e-07     2.41249e-07    -8.97695e-08      2.4898e-07     4.07162e-07 
12:    -1.89217e-08     9.29678e-08     1.21844e-07     1.06822e-08     8.18675e-08     1.61477e-08     7.81541e-08     3.65943e-08     8.11165e-08    -1.31186e-08     5.12509e-08    -4.24925e-09     2.54593e-08     2.46931e-08      2.0867e-08    -2.72298e-09     1.15943e-07     9.55599e-08    -3.47372e-08      4.2484e-08     6.91496e-08    -1.89045e-08     1.04952e-07     5.87889e-08 
13:    -2.24535e-07     3.30315e-07      3.6509e-07     8.35937e-08     1.87578e-07    -8.77381e-08     2.78077e-07     1.54301e-07     2.15523e-07    -6.55742e-08     2.20514e-07    -6.54699e-08    -2.82392e-08     7.21013e-09     1.07398e-07     6.28831e-08     3.30276e-07     9.08655e-08    -1.02143e-07     2.01209e-07     2.85552e-07    -8.29741e-08     7.55911e-08     4.54361e-07 
14:     8.98741e-08    -3.39102e-07    -7.16245e-08    -2.26527e-07     -1.6994e-07     1.28464e-07    -2.68168e-07    -1.46146e-07     -5.3318e-08     3.79149e-08    -1.23826e-07     1.73745e-07     -2.5188e-09     5.83061e-08    -3.44586e-09    -3.50179e-08    -2.47234e-07    -5.14149e-08    -4.93672e-10    -2.16252e-07    -1.12583e-07     8.65424e-08    -2.95129e-07    -2.20194e-07 
15:     1.88354e-08    -1.04462e-07    -8.11781e-08     -1.0595e-08    -7.02647e-08    -5.67488e-08    -7.83008e-08    -4.81284e-08      -9.463e-08     1.30153e-08    -3.96301e-08     1.78061e-08     -2.5231e-08    -5.93046e-08    -6.14943e-08     2.79953e-09    -8.12451e-08    -5.49326e-08     3.47418e-08    -7.70663e-08    -5.56013e-08     1.89091e-08    -7.02613e-08    -7.23154e-08 
16:    -7.56025e-08     3.85521e-07     3.79774e-07    -6.49339e-08     2.77562e-07     2.40349e-07     2.80491e-07     1.17836e-07     3.29809e-07    -3.69346e-08     2.49127e-07    -3.47517e-08     1.59687e-07     2.35751e-07     1.94057e-07     8.10738e-08     2.16187e-07     2.63139e-07    -9.57773e-08     2.01034e-07     4.12894e-07    -8.90722e-08     2.73662e-07     2.96561e-07 
17:    -6.01158e-08    -2.93572e-07    -2.21339e-07     1.35397e-08    -1.91643e-07    -9.27172e-08    -1.80239e-07     1.17561e-08    -2.21366e-07    -8.34079e-08     8.87627e-08     9.44804e-08    -2.96306e-07     -2.1395e-08    -3.94773e-08     3.57662e-08     -2.0102e-07     -2.0541e-07      9.4492e-08    -2.16727e-07    -8.47146e-08       8.188e-08     -2.3749e-07     -3.4131e-08 
18:     6.37126e-08    -1.05089e-07    -6.68701e-08     6.28862e-09     -7.1329e-08     1.56334e-08     -7.2503e-08    -4.10395e-08    -1.07511e-07      1.5843e-08    -1.03228e-07     9.48287e-09    -6.72144e-09    -5.28173e-08    -7.43537e-08    -3.85069e-08    -1.13168e-07    -4.12899e-08      2.2532e-08    -7.84145e-08    -7.97175e-08     3.12559e-08    -7.07129e-08    -1.31751e-07 
19:      7.8714e-08    -3.85437e-07    -3.29894e-07     6.17569e-08    -2.77425e-07    -9.07249e-08    -2.77357e-07     -1.1786e-07    -4.79537e-07     3.37894e-08    -2.49163e-07      -1.517e-08    -1.50331e-07    -2.35791e-07    -2.43993e-07    -9.04964e-08    -2.16316e-07    -4.12813e-07      1.0517e-07    -2.01018e-07    -2.63266e-07     7.96339e-08    -2.73684e-07    -2.46728e-07 
20:     8.52529e-08     -3.8625e-07    -2.10013e-07    -5.68168e-08    -3.13391e-07    -2.83108e-08     -2.9089e-07     -2.0392e-07     -2.2841e-07     5.11923e-08    -3.45639e-07     1.69495e-08    -1.77274e-07    -3.29929e-07    -2.57204e-07    -1.64818e-07    -4.18495e-07      -3.649e-07    -9.70231e-09    -4.03113e-07    -3.28964e-07      8.6279e-08    -1.76102e-07    -3.76966e-07 
21:    -6.37075e-08     1.16649e-07      8.0427e-08    -6.45699e-09     5.97696e-08    -2.91685e-08     7.25468e-08     5.25953e-08     6.68667e-08    -1.59293e-08     9.16501e-08       3.114e-08     6.76942e-09     8.74505e-08     6.08489e-08     3.84464e-08     7.84912e-08     5.48815e-08    -2.24555e-08     1.12997e-07     1.20345e-07    -3.12444e-08     3.60656e-08     9.11233e-08 
22:     2.21364e-07    -3.30224e-07    -2.15362e-07     -8.0452e-08    -1.87545e-07     1.37623e-07    -2.81241e-07    -1.54298e-07    -2.65462e-07     6.86664e-08    -2.20483e-07    -8.42715e-08      1.8843e-08    -7.30531e-09    -2.57069e-07    -5.34871e-08    -3.30339e-07    -1.40729e-07     9.27211e-08    -2.01222e-07    -2.35656e-07     9.23463e-08    -7.56094e-08    -3.04732e-07 
23:     2.39648e-07    -2.79996e-07    -2.21068e-07    -1.20451e-07    -8.18736e-08     8.22899e-08    -1.93543e-07    -2.09884e-07    -2.21145e-07     7.75972e-08    -4.38659e-07     7.61614e-08     1.70755e-08    -1.92378e-07    -1.96066e-07     4.46476e-08    -4.32312e-07    -1.45637e-07     6.72916e-08    -2.54192e-07    -2.41241e-07     9.99226e-08      -1.108e-07    -4.07186e-07 

Maximum difference: 4.82404e-05% (at (8,19))
