FEBio Tangent Diagnostics Results:
==================================
Diagnostics file: tangentDiagnostic.feb


Actual stiffness matrix:

                  0               1               2               3               4               5               6               7               8               9              10              11              12              13              14              15              16              17              18              19              20              21              22              23 
----------------------------------------------------------------------------------------------------------------------------------------------------------------------------------------------------------------------------------------------------------------------------------------------------------------------------------------------------------------------------------------------------
 0:         1.34424         3.52642         3.17088        -1.32908         3.52404         3.16874       -0.668729        -3.52642         1.58437        0.663736        -3.52404         1.58544         0.66534         1.76321        -3.16874       -0.667927         1.76202        -3.17088       -0.336059        -1.76321        -1.58544        0.328479        -1.76202        -1.58437 
 1:         3.52642         16.5918         11.1833        -3.52404         8.29508         5.59167        -3.52642         -8.2915         5.58675         3.52404        -16.5822         11.1735         1.76321         8.28707        -11.1735        -1.76202         4.14311        -5.58675        -1.76321        -4.14796        -5.59167         1.76202         -8.2955        -11.1833 
 2:         3.17088         11.1833          13.421        -3.16874         5.59167         6.70968        -1.58437        -5.58675         3.34936         1.58544        -11.1735         6.69957         3.16874         11.1735        -13.4093        -3.17088         5.58675        -6.70505        -1.58544        -5.59167        -3.35526         1.58437        -11.1833         -6.7101 
 3:        -1.32908        -3.52404        -3.16874         1.34424        -3.52642        -3.17088        0.663736         3.52404        -1.58544       -0.668729         3.52642        -1.58437       -0.667927        -1.76202         3.17088         0.66534        -1.76321         3.16874        0.328479         1.76202         1.58437       -0.336059         1.76321         1.58544 
 4:         3.52404         8.29508         5.59167        -3.52642         16.5918         11.1833        -3.52404        -16.5822         11.1735         3.52642         -8.2915         5.58675         1.76202         4.14311        -5.58675        -1.76321         8.28707        -11.1735        -1.76202         -8.2955        -11.1833         1.76321        -4.14796        -5.59167 
 5:         3.16874         5.59167         6.70968        -3.17088         11.1833          13.421        -1.58544        -11.1735         6.69957         1.58437        -5.58675         3.34936         3.17088         5.58675        -6.70505        -3.16874         11.1735        -13.4093        -1.58437        -11.1833         -6.7101         1.58544        -5.59167        -3.35526 
 6:       -0.668729        -3.52642        -1.58437        0.663736        -3.52404        -1.58544         1.34424         3.52642        -3.17088        -1.32908         3.52404        -3.16874       -0.336059        -1.76321         1.58544        0.328479        -1.76202         1.58437         0.66534         1.76321         3.16874       -0.667927         1.76202         3.17088 
 7:        -3.52642         -8.2915        -5.58675         3.52404        -16.5822        -11.1735         3.52642         16.5918        -11.1833        -3.52404         8.29508        -5.59167        -1.76321        -4.14796         5.59167         1.76202         -8.2955         11.1833         1.76321         8.28707         11.1735        -1.76202         4.14311         5.58675 
 8:         1.58437         5.58675         3.34936        -1.58544         11.1735         6.69957        -3.17088        -11.1833          13.421         3.16874        -5.59167         6.70968         1.58544         5.59167        -3.35526        -1.58437         11.1833         -6.7101        -3.16874        -11.1735        -13.4093         3.17088        -5.58675        -6.70505 
 9:        0.663736         3.52404         1.58544       -0.668729         3.52642         1.58437        -1.32908        -3.52404         3.16874         1.34424        -3.52642         3.17088        0.328479         1.76202        -1.58437       -0.336059         1.76321        -1.58544       -0.667927        -1.76202        -3.17088         0.66534        -1.76321        -3.16874 
10:        -3.52404        -16.5822        -11.1735         3.52642         -8.2915        -5.58675         3.52404         8.29508        -5.59167        -3.52642         16.5918        -11.1833        -1.76202         -8.2955         11.1833         1.76321        -4.14796         5.59167         1.76202         4.14311         5.58675        -1.76321         8.28707         11.1735 
11:         1.58544         11.1735         6.69957        -1.58437         5.58675         3.34936        -3.16874        -5.59167         6.70968         3.17088        -11.1833          13.421         1.58437         11.1833         -6.7101        -1.58544         5.59167        -3.35526        -3.17088        -5.58675        -6.70505         3.16874        -11.1735        -13.4093 
12:         0.66534         1.76321         3.16874       -0.667927         1.76202         3.17088       -0.336059        -1.76321         1.58544        0.328479        -1.76202         1.58437         1.34424         3.52642        -3.17088        -1.32908         3.52404        -3.16874       -0.668729        -3.52642        -1.58437        0.663736        -3.52404        -1.58544 
13:         1.76321         8.28707         11.1735        -1.76202         4.14311         5.58675        -1.76321        -4.14796         5.59167         1.76202         -8.2955         11.1833         3.52642         16.5918        -11.1833        -3.52404         8.29508        -5.59167        -3.52642         -8.2915        -5.58675         3.52404        -16.5822        -11.1735 
14:        -3.16874        -11.1735        -13.4093         3.17088        -5.58675        -6.70505         1.58544         5.59167        -3.35526        -1.58437         11.1833         -6.7101        -3.17088        -11.1833          13.421         3.16874        -5.59167         6.70968         1.58437         5.58675         3.34936        -1.58544         11.1735         6.69957 
15:       -0.667927        -1.76202        -3.17088         0.66534        -1.76321        -3.16874        0.328479         1.76202        -1.58437       -0.336059         1.76321        -1.58544        -1.32908        -3.52404         3.16874         1.34424        -3.52642         3.17088        0.663736         3.52404         1.58544       -0.668729         3.52642         1.58437 
16:         1.76202         4.14311         5.58675        -1.76321         8.28707         11.1735        -1.76202         -8.2955         11.1833         1.76321        -4.14796         5.59167         3.52404         8.29508        -5.59167        -3.52642         16.5918        -11.1833        -3.52404        -16.5822        -11.1735         3.52642         -8.2915        -5.58675 
17:        -3.17088        -5.58675        -6.70505         3.16874        -11.1735        -13.4093         1.58437         11.1833         -6.7101        -1.58544         5.59167        -3.35526        -3.16874        -5.59167         6.70968         3.17088        -11.1833          13.421         1.58544         11.1735         6.69957        -1.58437         5.58675         3.34936 
18:       -0.336059        -1.76321        -1.58544        0.328479        -1.76202        -1.58437         0.66534         1.76321        -3.16874       -0.667927         1.76202        -3.17088       -0.668729        -3.52642         1.58437        0.663736        -3.52404         1.58544         1.34424         3.52642         3.17088        -1.32908         3.52404         3.16874 
19:        -1.76321        -4.14796        -5.59167         1.76202         -8.2955        -11.1833         1.76321         8.28707        -11.1735        -1.76202         4.14311        -5.58675        -3.52642         -8.2915         5.58675         3.52404        -16.5822         11.1735         3.52642         16.5918         11.1833        -3.52404         8.29508         5.59167 
20:        -1.58544        -5.59167        -3.35526         1.58437        -11.1833         -6.7101         3.16874         11.1735        -13.4093        -3.17088         5.58675        -6.70505        -1.58437        -5.58675         3.34936         1.58544        -11.1735         6.69957         3.17088         11.1833          13.421        -3.16874         5.59167         6.70968 
21:        0.328479         1.76202         1.58437       -0.336059         1.76321         1.58544       -0.667927        -1.76202         3.17088         0.66534        -1.76321         3.16874        0.663736         3.52404        -1.58544       -0.668729         3.52642        -1.58437        -1.32908        -3.52404        -3.16874         1.34424        -3.52642        -3.17088 
22:        -1.76202         -8.2955        -11.1833         1.76321        -4.14796        -5.59167         1.76202         4.14311        -5.58675        -1.76321         8.28707        -11.1735        -3.52404        -16.5822         11.1735         3.52642         -8.2915         5.58675         3.52404         8.29508         5.59167        -3.52642         16.5918         11.1833 
23:        -1.58437        -11.1833         -6.7101         1.58544        -5.59167        -3.35526         3.17088         5.58675        -6.70505        -3.16874         11.1735        -13.4093        -1.58544        -11.1735         6.69957         1.58437        -5.58675         3.34936         3.16874         5.59167         6.70968        -3.17088         11.1833          13.421 

Approximate stiffness matrix:

                  0               1               2               3               4               5               6               7               8               9              10              11              12              13              14              15              16              17              18              19              20              21              22              23 
----------------------------------------------------------------------------------------------------------------------------------------------------------------------------------------------------------------------------------------------------------------------------------------------------------------------------------------------------------------------------------------------------
 0:         1.34424         3.52642         3.17088        -1.32908         3.52404         3.16874       -0.668729        -3.52642         1.58437        0.663736        -3.52404         1.58544         0.66534         1.76321        -3.16874       -0.667927         1.76202        -3.17088       -0.336059        -1.76321        -1.58544        0.328479        -1.76202        -1.58437 
 1:         3.52642         16.5918         11.1833        -3.52404         8.29508         5.59167        -3.52642         -8.2915         5.58675         3.52404        -16.5822         11.1735         1.76321         8.28707        -11.1735        -1.76202         4.14311        -5.58675        -1.76321        -4.14796        -5.59167         1.76202         -8.2955        -11.1833 
 2:         3.17088         11.1833          13.421        -3.16874         5.59167         6.70968        -1.58437        -5.58675         3.34936         1.58544        -11.1735         6.69957         3.16874         11.1735        -13.4093        -3.17088         5.58675        -6.70505        -1.58544        -5.59167        -3.35526         1.58437        -11.1833         -6.7101 
 3:        -1.32908        -3.52404        -3.16874         1.34424        -3.52642        -3.17088        0.663736         3.52404        -1.58544       -0.668729         3.52642        -1.58437       -0.667927        -1.76202         3.17088         0.66534        -1.76321         3.16874        0.328479         1.76202         1.58437       -0.336059         1.76321         1.58544 
 4:         3.52404         8.29508         5.59167        -3.52642         16.5918         11.1833        -3.52404        -16.5822         11.1735         3.52642         -8.2915         5.58675         1.76202         4.14311        -5.58675        -1.76321         8.28707        -11.1735        -1.76202         -8.2955        -11.1833         1.76321        -4.14796        -5.59167 
 5:         3.16874         5.59167         6.70968        -3.17088         11.1833          13.421        -1.58544        -11.1735         6.69957         1.58437        -5.58675         3.34936         3.17088         5.58675        -6.70505        -3.16874         11.1735        -13.4093        -1.58437        -11.1833         -6.7101         1.58544        -5.59167        -3.35526 
 6:       -0.668729        -3.52642        -1.58437        0.663736        -3.52404        -1.58544         1.34424         3.52642        -3.17088        -1.32908         3.52404        -3.16874       -0.336059        -1.76321         1.58544        0.328479        -1.76202         1.58437         0.66534         1.76321         3.16874       -0.667927         1.76202         3.17088 
 7:        -3.52642         -8.2915        -5.58675         3.52404        -16.5822        -11.1735         3.52642         16.5918        -11.1833        -3.52404         8.29508        -5.59167        -1.76321        -4.14796         5.59167         1.76202         -8.2955         11.1833         1.76321         8.28707         11.1735        -1.76202         4.14311         5.58675 
 8:         1.58437         5.58675         3.34936        -1.58544         11.1735         6.69957        -3.17088        -11.1833          13.421         3.16874        -5.59167         6.70968         1.58544         5.59167        -3.35526        -1.58437         11.1833         -6.7101        -3.16874        -11.1735        -13.4093         3.17088        -5.58675        -6.70505 
 9:        0.663736         3.52404         1.58544       -0.668729         3.52642         1.58437        -1.32908        -3.52404         3.16874         1.34424        -3.52642         3.17088        0.328479         1.76202        -1.58437       -0.336059         1.76321        -1.58544       -0.667927        -1.76202        -3.17088         0.66534        -1.76321        -3.16874 
10:        -3.52404        -16.5822        -11.1735         3.52642         -8.2915        -5.58675         3.52404         8.29508        -5.59167        -3.52642         16.5918        -11.1833        -1.76202         -8.2955         11.1833         1.76321        -4.14796         5.59167         1.76202         4.14311         5.58675        -1.76321         8.28707         11.1735 
11:         1.58544         11.1735         6.69958        -1.58437         5.58675         3.34937        -3.16874        -5.59167         6.70968         3.17088        -11.1833          13.421         1.58437         11.1833         -6.7101        -1.58544         5.59167        -3.35526        -3.17088        -5.58675        -6.70505         3.16874        -11.1735        -13.4093 
12:         0.66534         1.76321         3.16874       -0.667927         1.76202         3.17088       -0.336059        -1.76321         1.58544        0.328479        -1.76202         1.58437         1.34424         3.52642        -3.17088        -1.32908         3.52404        -3.16874       -0.668729        -3.52642        -1.58437        0.663736        -3.52404        -1.58544 
13:         1.76321         8.28707         11.1735        -1.76202         4.14311         5.58675        -1.76321        -4.14796         5.59167         1.76202         -8.2955         11.1833         3.52642         16.5918        -11.1833        -3.52404         8.29508        -5.59167        -3.52642         -8.2915        -5.58675         3.52404        -16.5822        -11.1735 
14:        -3.16874        -11.1735        -13.4093         3.17088        -5.58675        -6.70505         1.58544         5.59167        -3.35526        -1.58437         11.1833         -6.7101        -3.17088        -11.1833          13.421         3.16874        -5.59167         6.70968         1.58437         5.58675         3.34936        -1.58544         11.1735         6.69957 
15:       -0.667927        -1.76202        -3.17088         0.66534        -1.76321        -3.16874        0.328479         1.76202        -1.58437       -0.336059         1.76321        -1.58544        -1.32908        -3.52404         3.16874         1.34424        -3.52642         3.17088        0.663736         3.52404         1.58544       -0.668729         3.52642         1.58437 
16:         1.76202         4.14311         5.58675        -1.76321         8.28707         11.1735        -1.76202         -8.2955         11.1833         1.76321        -4.14796         5.59167         3.52404         8.29508        -5.59167        -3.52642         16.5918        -11.1833        -3.52404        -16.5822        -11.1735         3.52642         -8.2915        -5.58675 
17:        -3.17088        -5.58675        -6.70505         3.16874        -11.1735        -13.4093         1.58437         11.1833         -6.7101        -1.58544         5.59167        -3.35526        -3.16874        -5.59167         6.70968         3.17088        -11.1833          13.421         1.58544         11.1735         6.69957        -1.58437         5.58675         3.34936 
18:       -0.336059        -1.76321        -1.58544        0.328479        -1.76202        -1.58437         0.66534         1.76321        -3.16874       -0.667927         1.76202        -3.17088       -0.668729        -3.52642         1.58437        0.663736        -3.52404         1.58544         1.34424         3.52642         3.17088        -1.32908         3.52404         3.16874 
19:        -1.76321        -4.14796        -5.59167         1.76202         -8.2955        -11.1833         1.76321         8.28707        -11.1735        -1.76202         4.14311        -5.58675        -3.52642         -8.2915         5.58675         3.52404        -16.5822         11.1735         3.52642         16.5918         11.1833        -3.52404         8.29508         5.59167 
20:        -1.58544        -5.59167        -3.35526         1.58437        -11.1833         -6.7101         3.16874         11.1735        -13.4093        -3.17088         5.58675        -6.70505        -1.58437        -5.58675         3.34936         1.58544        -11.1735         6.69957         3.17088         11.1833          13.421        -3.16874         5.59167         6.70968 
21:        0.328479         1.76202         1.58437       -0.336059         1.76321         1.58544       -0.667927        -1.76202         3.17088         0.66534        -1.76321         3.16874        0.663736         3.52404        -1.58544       -0.668729         3.52642        -1.58437        -1.32908        -3.52404        -3.16874         1.34424        -3.52642        -3.17088 
22:        -1.76202         -8.2955        -11.1833         1.76321        -4.14796        -5.59167         1.76202         4.14311        -5.58675        -1.76321         8.28707        -11.1735        -3.52404        -16.5822         11.1735         3.52642         -8.2915         5.58675         3.52404         8.29508         5.59167        -3.52642         16.5918         11.1833 
23:        -1.58437        -11.1833         -6.7101         1.58544        -5.59167        -3.35526         3.17088         5.58675        -6.70505        -3.16874         11.1735        -13.4093        -1.58544        -11.1735         6.69957         1.58437        -5.58675         3.34936         3.16874         5.59167         6.70968        -3.17088         11.1833          13.421 


difference matrix:

                  0               1               2               3               4               5               6               7               8               9              10              11              12              13              14              15              16              17              18              19              20              21              22              23 
----------------------------------------------------------------------------------------------------------------------------------------------------------------------------------------------------------------------------------------------------------------------------------------------------------------------------------------------------------------------------------------------------
 0:     -7.1201e-08    -4.46552e-08    -2.74078e-08     -1.4021e-08     1.28164e-08    -5.23721e-08      1.1845e-08     2.00221e-08     5.81416e-09    -4.29057e-08     4.60015e-08    -2.12462e-09    -3.05251e-08     2.26753e-09      9.8364e-08    -8.08223e-08     -3.3447e-08     9.25824e-09    -3.39324e-08    -1.79451e-08    -2.35493e-08     5.03491e-08     8.38029e-09     2.49447e-08 
 1:    -2.71058e-07    -3.92576e-07    -2.80359e-07     1.78171e-08    -2.57839e-07    -4.21651e-07    -1.57324e-07    -6.59477e-08    -1.63134e-07    -2.15446e-07    -1.61982e-07    -7.36972e-08    -1.44349e-07    -2.14043e-07     4.37618e-08    -2.12861e-07    -2.48414e-07    -6.36029e-08    -9.72069e-08    -3.17611e-07    -2.34499e-07     3.47063e-08    -1.01155e-07    -1.19015e-07 
 2:    -2.14874e-07    -3.39288e-08    -1.25441e-07       1.596e-08    -3.22242e-08    -2.34918e-07    -5.10443e-09     1.94598e-07    -5.41414e-08    -1.40199e-07     9.68194e-09    -7.72819e-08    -1.54427e-07     1.87498e-07     4.63812e-08    -1.91432e-07     1.39599e-09     9.07186e-09    -5.85832e-08    -1.93188e-07    -9.29273e-08     6.00656e-08     1.10806e-07     9.00486e-09 
 3:     7.13383e-08     2.89364e-09    -6.36994e-09     1.40823e-08     2.88909e-08     8.61065e-08    -1.20059e-08     -6.1755e-08     5.43143e-09     4.29833e-08    -4.31204e-09     -9.1535e-09     3.04602e-08    -1.61877e-08    -6.46393e-08     8.08225e-08     4.73456e-08    -4.30046e-08     3.37608e-08     4.03382e-09     1.22868e-08    -5.03581e-08     5.50929e-09    -1.37039e-08 
 4:    -1.91241e-07    -2.81242e-07    -1.50508e-07     3.40431e-08    -1.53228e-07    -2.71732e-07      2.0965e-09    -1.29935e-07     9.81458e-08     -1.9129e-07     6.74968e-09     6.43198e-08     1.25554e-08    -9.21617e-09     1.63757e-07    -2.18165e-07    -2.37392e-07     6.40179e-08    -1.82126e-07    -8.07622e-08     2.09319e-08     9.61158e-08    -2.41847e-07    -3.92078e-08 
 5:    -6.44314e-08    -1.03207e-07     1.16663e-07     3.06298e-08     -5.2884e-09    -1.46677e-07     1.26309e-07     2.82318e-07     1.56086e-07    -2.80811e-08     9.45954e-08     2.29219e-07    -2.51843e-08     1.37684e-07      3.2116e-07    -1.84468e-07     8.76576e-08     3.57591e-08    -5.62022e-08     2.13486e-08     2.71288e-08     1.93942e-07    -9.61459e-08     1.11705e-07 
 6:     6.43312e-08     1.32421e-07     8.34374e-08    -2.43333e-08     3.19394e-08     1.10436e-07     6.04428e-08       6.164e-08     5.79172e-08     7.70195e-08    -7.30635e-09     1.17796e-08     8.25386e-09     6.08656e-08     5.07519e-08     4.28139e-08     7.17844e-08     4.28288e-08     4.68436e-08     9.03698e-08     3.30164e-09     1.47935e-08     7.30975e-08     5.85369e-08 
 7:     2.02975e-07     2.81202e-07     1.10736e-07    -4.58442e-08     1.53167e-07     1.52658e-07      9.6813e-09     1.29902e-07     2.08023e-08     1.79509e-07    -6.81887e-09     -2.4706e-08    -8.57311e-09     9.22423e-09    -1.24148e-07     2.14118e-07     2.37419e-07     5.48628e-08     1.86064e-07     8.07671e-08     -1.3983e-07    -1.00062e-07     2.41869e-07    -3.88516e-10 
 8:    -1.74833e-07    -5.21093e-08    -6.46422e-08     1.36999e-07     2.21085e-07    -9.84752e-08    -8.80171e-09     1.27049e-07     2.15171e-08    -1.61427e-07     1.14655e-07     5.90506e-08     7.74935e-09     1.29443e-07    -1.41758e-08    -5.62973e-08    -5.80849e-08     8.86878e-09    -1.84325e-07     5.19386e-08    -3.24559e-08     2.47378e-08    -1.53318e-07     8.83264e-09 
 9:    -6.45138e-08    -9.06923e-08    -9.47046e-08     2.42482e-08    -7.36685e-08    -9.91908e-08    -6.02839e-08    -1.99505e-08    -2.41937e-08    -7.69365e-08    -3.44048e-08     -4.5514e-08    -8.36042e-09     -4.6967e-08    -3.95112e-08    -4.29639e-08    -8.56938e-08    -5.40587e-08    -4.68976e-08    -7.64802e-08     -3.7048e-08    -1.47825e-08    -8.70088e-08    -2.47905e-08 
10:     2.59254e-07     3.92583e-07     1.61235e-07    -5.99672e-09     2.57823e-07     3.81888e-07     1.45427e-07     6.58246e-08     2.02706e-07     2.27296e-07     1.62034e-07     1.92628e-07     1.40401e-07     2.14038e-07     7.51899e-08      2.1678e-07     2.48393e-07     1.03198e-07     9.31961e-08     3.17576e-07     1.94889e-07     -3.0787e-08     1.01171e-07     3.84173e-11 
11:    -3.15998e-07    -2.58948e-07    -2.92356e-07     3.41058e-08      -1.597e-07    -3.58632e-07    -1.30834e-07    -1.57918e-07    -2.53077e-07     -2.0436e-07    -2.45541e-07    -1.04305e-07    -1.26264e-07     -1.9445e-07    -2.24511e-07    -5.87101e-08    -2.43002e-07    -1.61136e-07    -1.91375e-07    -3.78882e-07    -2.45634e-07    -1.04467e-07    -1.23804e-07     -2.3699e-07 
12:    -2.15045e-08     1.40016e-09     6.96873e-08     2.43453e-08      3.1063e-08    -2.27891e-08     2.48855e-08     7.46891e-08     4.13194e-08    -1.17431e-08    -1.31086e-08     6.49574e-08    -3.06302e-08     4.46939e-08     6.24817e-08    -4.21235e-08     6.16272e-08     4.99002e-08    -3.89764e-09     -3.6248e-08     1.78865e-08     2.81963e-08     5.17695e-08     2.81129e-08 
13:    -3.19358e-07    -1.29519e-07    -2.54082e-08     3.80613e-08    -2.09911e-08     -1.8501e-07    -9.66784e-09     4.13766e-08    -1.25408e-07    -1.52036e-07    -2.96607e-07     3.06847e-08    -1.83485e-07     1.01777e-08    -8.28086e-08    -4.93631e-08    -8.57161e-08    -5.23897e-08    -1.80707e-07    -3.84111e-07    -8.85042e-08    -8.41007e-08    -1.09641e-07      2.4333e-08 
14:     2.04252e-07    -9.83147e-08     1.25222e-07    -5.35029e-09    -1.18876e-08     2.34797e-07     8.56611e-09    -1.50651e-07     5.40622e-08     1.36701e-07     1.22635e-07     7.72755e-08     1.65024e-07    -5.52434e-08    -4.63627e-08     1.80731e-07     4.26649e-08    -9.12752e-09     5.49666e-08     1.49062e-07     9.29652e-08     -5.6546e-08    -2.43047e-07    -9.04992e-09 
15:     2.14505e-08    -1.53095e-08     -3.5953e-08    -2.42476e-08    -1.71536e-08    -1.09561e-08    -2.48837e-08     -8.8557e-08    -5.25758e-08     1.15932e-08     2.70199e-08    -5.37118e-08     3.07999e-08    -8.64013e-08    -9.62173e-08     4.23475e-08    -1.98874e-08    -1.61863e-08     3.80177e-09     -5.4632e-09    -6.64573e-09    -2.81946e-08    -1.00692e-08    -3.93645e-08 
16:      -7.491e-08      4.3229e-08      2.6125e-07     1.52298e-07     1.97226e-07     1.58146e-07      1.4458e-07     3.89053e-07     2.58025e-07    -3.51348e-08     1.60828e-07     3.09041e-07    -1.61754e-08     2.41058e-07     2.30467e-07    -6.51775e-08     7.42654e-08     1.44527e-07    -8.52996e-08    -3.37775e-08     1.32263e-07     1.47106e-07    -1.01237e-07     2.26288e-07 
17:     7.49764e-08      5.9069e-08    -1.16796e-07    -4.12181e-08    -1.27031e-07     1.46515e-07    -1.29904e-07    -1.50091e-07    -1.56074e-07     3.16564e-08    -5.05844e-08    -2.29252e-07     1.46266e-08    -9.35892e-08    -3.21201e-07     1.95029e-07      4.4635e-08    -3.58195e-08     5.97376e-08    -1.53602e-07    -2.70861e-08    -1.97491e-07     5.20822e-08    -1.11651e-07 
18:     9.20844e-08     2.12488e-08     1.40617e-08    -2.82555e-08    -5.13918e-08     1.85695e-08     -1.1866e-08    -5.18667e-08    -3.00164e-08     4.29719e-08    -7.05757e-09      -4.261e-08     3.05583e-08    -4.04221e-08     9.37034e-09    -5.27301e-09    -3.24839e-08    -9.95255e-09     7.63264e-08     6.83187e-08     3.92164e-08     1.49381e-08     1.42042e-08    -3.17506e-08 
19:     7.89252e-08    -4.31798e-08    -2.21478e-07     -1.5631e-07    -1.97175e-07    -3.90729e-08    -1.40545e-07    -3.89026e-07    -3.76973e-07     3.11614e-08    -1.60763e-07    -3.48655e-07     2.79328e-08    -2.41065e-07    -2.70076e-07     5.33865e-08    -7.43012e-08    -2.63407e-07     9.71994e-08     3.37705e-08    -1.33647e-08    -1.58931e-07     1.01218e-07    -1.86692e-07 
20:     1.78486e-07     9.62478e-08     6.47869e-08    -1.40586e-07    -8.87664e-08     9.86253e-08    -1.78827e-09    -2.59276e-07    -2.15333e-08     1.71979e-07    -1.58666e-07    -5.90136e-08     -1.1319e-08    -1.73537e-07     1.42187e-08     5.99567e-08    -7.42077e-08    -8.81042e-09     1.95031e-07     8.03146e-08     3.24209e-08    -3.53708e-08     1.97382e-07    -8.89291e-09 
21:    -9.19849e-08    -7.32862e-09    -2.81609e-09     2.81923e-08     3.74932e-08    -2.98151e-08     1.18553e-08     6.57563e-08    -3.71797e-09    -4.29826e-08    -6.84286e-09     7.63335e-08    -3.05674e-08     8.21403e-08    -2.06219e-08     5.17712e-09    -9.23432e-09     2.11933e-08    -7.60265e-08    -2.66075e-08     -5.4809e-09    -1.49418e-08    -5.59045e-08    -1.99577e-09 
22:     3.15412e-07     1.29503e-07     1.44532e-07    -3.40689e-08     2.10163e-08     2.24773e-07     5.75202e-09    -4.12475e-08     8.58349e-08     1.55941e-07     2.96559e-07    -1.49616e-07     1.71693e-07    -1.01739e-08    -3.61431e-08     6.12809e-08     8.57452e-08     1.27942e-08      1.6888e-07     3.84148e-07     1.28114e-07     9.59526e-08     1.09622e-07     9.46437e-08 
23:     3.12421e-07     3.91192e-07     2.92562e-07    -3.05403e-08     2.03812e-07     3.58766e-07     1.41556e-07     1.13972e-07      2.5316e-07     1.93731e-07     1.13224e-07     1.04307e-07     1.29795e-07      6.2195e-08      2.2449e-07     5.51918e-08     1.98942e-07     1.61194e-07      1.8075e-07     4.23008e-07     2.45589e-07      1.1513e-07     2.56045e-07     2.37042e-07 

Maximum difference: 3.14683e-05% (at (23,19))
