FEBio Tangent Diagnostics Results:
==================================
Diagnostics file: tangentDiagnostic.feb


Actual stiffness matrix:

                  0               1               2               3               4               5               6               7               8               9              10              11              12              13              14              15              16              17              18              19              20              21              22              23 
----------------------------------------------------------------------------------------------------------------------------------------------------------------------------------------------------------------------------------------------------------------------------------------------------------------------------------------------------------------------------------------------------
 0:         1.12641         3.51569         2.90265        -1.10553         3.51274         2.90022       -0.558971        -3.51569         1.45011        0.550791        -3.51274         1.45132        0.554739         1.75784        -2.90022       -0.556997         1.75637        -2.90265       -0.281601        -1.75784        -1.45132        0.271163        -1.75637        -1.45011 
 1:         3.51569         19.8004         12.2553        -3.51274         9.89884         6.12763        -3.51569        -9.89415         6.12029         3.51274        -19.7869         12.2406         1.75784         9.88809        -12.2406        -1.75637         4.94336        -6.12029        -1.75784         -4.9501        -6.12763         1.75637        -9.89952        -12.2553 
 2:         2.90265         12.2553         13.5112        -2.90022         6.12763         6.75423        -1.45011        -6.12029         3.36823         1.45132        -12.2406         6.73782         2.90022         12.2406        -13.4921        -2.90265         6.12029        -6.74671        -1.45132        -6.12763         -3.3778         1.45011        -12.2553        -6.75491 
 3:        -1.10553        -3.51274        -2.90022         1.12641        -3.51569        -2.90265        0.550791         3.51274        -1.45132       -0.558971         3.51569        -1.45011       -0.556997        -1.75637         2.90265        0.554739        -1.75784         2.90022        0.271163         1.75637         1.45011       -0.281601         1.75784         1.45132 
 4:         3.51274         9.89884         6.12763        -3.51569         19.8004         12.2553        -3.51274        -19.7869         12.2406         3.51569        -9.89415         6.12029         1.75637         4.94336        -6.12029        -1.75784         9.88809        -12.2406        -1.75637        -9.89952        -12.2553         1.75784         -4.9501        -6.12763 
 5:         2.90022         6.12763         6.75423        -2.90265         12.2553         13.5112        -1.45132        -12.2406         6.73782         1.45011        -6.12029         3.36823         2.90265         6.12029        -6.74671        -2.90022         12.2406        -13.4921        -1.45011        -12.2553        -6.75491         1.45132        -6.12763         -3.3778 
 6:       -0.558971        -3.51569        -1.45011        0.550791        -3.51274        -1.45132         1.12641         3.51569        -2.90265        -1.10553         3.51274        -2.90022       -0.281601        -1.75784         1.45132        0.271163        -1.75637         1.45011        0.554739         1.75784         2.90022       -0.556997         1.75637         2.90265 
 7:        -3.51569        -9.89415        -6.12029         3.51274        -19.7869        -12.2406         3.51569         19.8004        -12.2553        -3.51274         9.89884        -6.12763        -1.75784         -4.9501         6.12763         1.75637        -9.89952         12.2553         1.75784         9.88809         12.2406        -1.75637         4.94336         6.12029 
 8:         1.45011         6.12029         3.36823        -1.45132         12.2406         6.73782        -2.90265        -12.2553         13.5112         2.90022        -6.12763         6.75423         1.45132         6.12763         -3.3778        -1.45011         12.2553        -6.75491        -2.90022        -12.2406        -13.4921         2.90265        -6.12029        -6.74671 
 9:        0.550791         3.51274         1.45132       -0.558971         3.51569         1.45011        -1.10553        -3.51274         2.90022         1.12641        -3.51569         2.90265        0.271163         1.75637        -1.45011       -0.281601         1.75784        -1.45132       -0.556997        -1.75637        -2.90265        0.554739        -1.75784        -2.90022 
10:        -3.51274        -19.7869        -12.2406         3.51569        -9.89415        -6.12029         3.51274         9.89884        -6.12763        -3.51569         19.8004        -12.2553        -1.75637        -9.89952         12.2553         1.75784         -4.9501         6.12763         1.75637         4.94336         6.12029        -1.75784         9.88809         12.2406 
11:         1.45132         12.2406         6.73782        -1.45011         6.12029         3.36823        -2.90022        -6.12763         6.75423         2.90265        -12.2553         13.5112         1.45011         12.2553        -6.75491        -1.45132         6.12763         -3.3778        -2.90265        -6.12029        -6.74671         2.90022        -12.2406        -13.4921 
12:        0.554739         1.75784         2.90022       -0.556997         1.75637         2.90265       -0.281601        -1.75784         1.45132        0.271163        -1.75637         1.45011         1.12641         3.51569        -2.90265        -1.10553         3.51274        -2.90022       -0.558971        -3.51569        -1.45011        0.550791        -3.51274        -1.45132 
13:         1.75784         9.88809         12.2406        -1.75637         4.94336         6.12029        -1.75784         -4.9501         6.12763         1.75637        -9.89952         12.2553         3.51569         19.8004        -12.2553        -3.51274         9.89884        -6.12763        -3.51569        -9.89415        -6.12029         3.51274        -19.7869        -12.2406 
14:        -2.90022        -12.2406        -13.4921         2.90265        -6.12029        -6.74671         1.45132         6.12763         -3.3778        -1.45011         12.2553        -6.75491        -2.90265        -12.2553         13.5112         2.90022        -6.12763         6.75423         1.45011         6.12029         3.36823        -1.45132         12.2406         6.73782 
15:       -0.556997        -1.75637        -2.90265        0.554739        -1.75784        -2.90022        0.271163         1.75637        -1.45011       -0.281601         1.75784        -1.45132        -1.10553        -3.51274         2.90022         1.12641        -3.51569         2.90265        0.550791         3.51274         1.45132       -0.558971         3.51569         1.45011 
16:         1.75637         4.94336         6.12029        -1.75784         9.88809         12.2406        -1.75637        -9.89952         12.2553         1.75784         -4.9501         6.12763         3.51274         9.89884        -6.12763        -3.51569         19.8004        -12.2553        -3.51274        -19.7869        -12.2406         3.51569        -9.89415        -6.12029 
17:        -2.90265        -6.12029        -6.74671         2.90022        -12.2406        -13.4921         1.45011         12.2553        -6.75491        -1.45132         6.12763         -3.3778        -2.90022        -6.12763         6.75423         2.90265        -12.2553         13.5112         1.45132         12.2406         6.73782        -1.45011         6.12029         3.36823 
18:       -0.281601        -1.75784        -1.45132        0.271163        -1.75637        -1.45011        0.554739         1.75784        -2.90022       -0.556997         1.75637        -2.90265       -0.558971        -3.51569         1.45011        0.550791        -3.51274         1.45132         1.12641         3.51569         2.90265        -1.10553         3.51274         2.90022 
19:        -1.75784         -4.9501        -6.12763         1.75637        -9.89952        -12.2553         1.75784         9.88809        -12.2406        -1.75637         4.94336        -6.12029        -3.51569        -9.89415         6.12029         3.51274        -19.7869         12.2406         3.51569         19.8004         12.2553        -3.51274         9.89884         6.12763 
20:        -1.45132        -6.12763         -3.3778         1.45011        -12.2553        -6.75491         2.90022         12.2406        -13.4921        -2.90265         6.12029        -6.74671        -1.45011        -6.12029         3.36823         1.45132        -12.2406         6.73782         2.90265         12.2553         13.5112        -2.90022         6.12763         6.75423 
21:        0.271163         1.75637         1.45011       -0.281601         1.75784         1.45132       -0.556997        -1.75637         2.90265        0.554739        -1.75784         2.90022        0.550791         3.51274        -1.45132       -0.558971         3.51569        -1.45011        -1.10553        -3.51274        -2.90022         1.12641        -3.51569        -2.90265 
22:        -1.75637        -9.89952        -12.2553         1.75784         -4.9501        -6.12763         1.75637         4.94336        -6.12029        -1.75784         9.88809        -12.2406        -3.51274        -19.7869         12.2406         3.51569        -9.89415         6.12029         3.51274         9.89884         6.12763        -3.51569         19.8004         12.2553 
23:        -1.45011        -12.2553        -6.75491         1.45132        -6.12763         -3.3778         2.90265         6.12029        -6.74671        -2.90022         12.2406        -13.4921        -1.45132        -12.2406         6.73782         1.45011        -6.12029         3.36823         2.90022         6.12763         6.75423        -2.90265         12.2553         13.5112 

Approximate stiffness matrix:

                  0               1               2               3               4               5               6               7               8               9              10              11              12              13              14              15              16              17              18              19              20              21              22              23 
----------------------------------------------------------------------------------------------------------------------------------------------------------------------------------------------------------------------------------------------------------------------------------------------------------------------------------------------------------------------------------------------------
 0:         1.12641         3.51569         2.90265        -1.10553         3.51274         2.90022       -0.558971        -3.51569         1.45011        0.550791        -3.51274         1.45132        0.554739         1.75784        -2.90022       -0.556997         1.75637        -2.90265       -0.281601        -1.75784        -1.45132        0.271163        -1.75637        -1.45011 
 1:         3.51569         19.8004         12.2553        -3.51275         9.89884         6.12763        -3.51569        -9.89415         6.12029         3.51274        -19.7869         12.2406         1.75784         9.88809        -12.2406        -1.75637         4.94336        -6.12029        -1.75784         -4.9501        -6.12763         1.75637        -9.89952        -12.2553 
 2:         2.90265         12.2553         13.5112        -2.90022         6.12763         6.75423        -1.45011        -6.12029         3.36823         1.45132        -12.2406         6.73782         2.90022         12.2406        -13.4921        -2.90265         6.12029        -6.74671        -1.45132        -6.12763         -3.3778         1.45011        -12.2553        -6.75491 
 3:        -1.10553        -3.51274        -2.90022         1.12641        -3.51569        -2.90265        0.550791         3.51274        -1.45132       -0.558971         3.51569        -1.45011       -0.556997        -1.75637         2.90265        0.554739        -1.75784         2.90022        0.271163         1.75637         1.45011       -0.281601         1.75784         1.45132 
 4:         3.51274         9.89884         6.12763        -3.51569         19.8004         12.2553        -3.51274        -19.7869         12.2406         3.51569        -9.89415         6.12029         1.75637         4.94336        -6.12029        -1.75784         9.88809        -12.2406        -1.75637        -9.89952        -12.2553         1.75784         -4.9501        -6.12763 
 5:         2.90022         6.12763         6.75423        -2.90265         12.2553         13.5112        -1.45132        -12.2406         6.73782         1.45011        -6.12029         3.36823         2.90265         6.12029        -6.74671        -2.90022         12.2406        -13.4921        -1.45011        -12.2553        -6.75491         1.45132        -6.12763         -3.3778 
 6:       -0.558971        -3.51569        -1.45011        0.550791        -3.51274        -1.45132         1.12641         3.51569        -2.90265        -1.10553         3.51274        -2.90022       -0.281601        -1.75784         1.45132        0.271163        -1.75637         1.45011        0.554739         1.75784         2.90022       -0.556997         1.75637         2.90265 
 7:        -3.51569        -9.89415        -6.12029         3.51274        -19.7869        -12.2406         3.51569         19.8004        -12.2553        -3.51274         9.89884        -6.12763        -1.75784         -4.9501         6.12763         1.75637        -9.89952         12.2553         1.75784         9.88809         12.2406        -1.75637         4.94336         6.12029 
 8:         1.45011         6.12029         3.36823        -1.45132         12.2406         6.73782        -2.90265        -12.2553         13.5112         2.90022        -6.12763         6.75423         1.45132         6.12763         -3.3778        -1.45011         12.2553        -6.75491        -2.90022        -12.2406        -13.4921         2.90265        -6.12029        -6.74671 
 9:        0.550791         3.51274         1.45132       -0.558971         3.51569         1.45011        -1.10553        -3.51274         2.90022         1.12641        -3.51569         2.90265        0.271163         1.75637        -1.45011       -0.281601         1.75784        -1.45132       -0.556997        -1.75637        -2.90265        0.554739        -1.75784        -2.90022 
10:        -3.51274        -19.7869        -12.2406         3.51569        -9.89415        -6.12029         3.51274         9.89884        -6.12763        -3.51569         19.8004        -12.2553        -1.75637        -9.89952         12.2553         1.75784         -4.9501         6.12763         1.75637         4.94336         6.12029        -1.75784         9.88809         12.2406 
11:         1.45132         12.2406         6.73782        -1.45011         6.12029         3.36823        -2.90022        -6.12763         6.75423         2.90265        -12.2553         13.5112         1.45011         12.2553        -6.75491        -1.45132         6.12763         -3.3778        -2.90265        -6.12029        -6.74671         2.90022        -12.2406        -13.4921 
12:        0.554739         1.75784         2.90022       -0.556997         1.75637         2.90265       -0.281601        -1.75784         1.45132        0.271163        -1.75637         1.45011         1.12641         3.51569        -2.90265        -1.10553         3.51274        -2.90022       -0.558971        -3.51569        -1.45011        0.550791        -3.51274        -1.45132 
13:         1.75784         9.88809         12.2406        -1.75637         4.94336         6.12029        -1.75784         -4.9501         6.12763         1.75637        -9.89952         12.2553         3.51569         19.8004        -12.2553        -3.51274         9.89884        -6.12763        -3.51569        -9.89415        -6.12029         3.51275        -19.7869        -12.2406 
14:        -2.90022        -12.2406        -13.4921         2.90265        -6.12029        -6.74671         1.45132         6.12763         -3.3778        -1.45011         12.2553        -6.75491        -2.90265        -12.2553         13.5112         2.90022        -6.12763         6.75423         1.45011         6.12029         3.36823        -1.45132         12.2406         6.73782 
15:       -0.556997        -1.75637        -2.90265        0.554739        -1.75784        -2.90022        0.271163         1.75637        -1.45011       -0.281601         1.75784        -1.45132        -1.10553        -3.51274         2.90022         1.12641        -3.51569         2.90265        0.550791         3.51274         1.45132       -0.558971         3.51569         1.45011 
16:         1.75637         4.94336         6.12029        -1.75784         9.88809         12.2406        -1.75637        -9.89952         12.2553         1.75784         -4.9501         6.12763         3.51274         9.89884        -6.12763        -3.51569         19.8004        -12.2553        -3.51274        -19.7869        -12.2406         3.51569        -9.89415        -6.12029 
17:        -2.90265        -6.12029        -6.74671         2.90022        -12.2406        -13.4921         1.45011         12.2553        -6.75491        -1.45132         6.12763         -3.3778        -2.90022        -6.12763         6.75423         2.90265        -12.2553         13.5112         1.45132         12.2406         6.73782        -1.45011         6.12029         3.36823 
18:       -0.281601        -1.75784        -1.45132        0.271163        -1.75637        -1.45011        0.554739         1.75784        -2.90022       -0.556997         1.75637        -2.90265       -0.558971        -3.51569         1.45011        0.550791        -3.51274         1.45132         1.12641         3.51569         2.90265        -1.10553         3.51274         2.90022 
19:        -1.75784         -4.9501        -6.12763         1.75637        -9.89952        -12.2553         1.75784         9.88809        -12.2406        -1.75637         4.94336        -6.12029        -3.51569        -9.89415         6.12029         3.51274        -19.7869         12.2406         3.51569         19.8004         12.2553        -3.51275         9.89884         6.12763 
20:        -1.45132        -6.12763         -3.3778         1.45011        -12.2553        -6.75491         2.90022         12.2406        -13.4921        -2.90265         6.12029        -6.74671        -1.45011        -6.12029         3.36823         1.45132        -12.2406         6.73782         2.90265         12.2553         13.5112        -2.90022         6.12763         6.75423 
21:        0.271163         1.75637         1.45011       -0.281601         1.75784         1.45132       -0.556997        -1.75637         2.90265        0.554739        -1.75784         2.90022        0.550791         3.51274        -1.45132       -0.558971         3.51569        -1.45011        -1.10553        -3.51274        -2.90022         1.12641        -3.51569        -2.90265 
22:        -1.75637        -9.89952        -12.2553         1.75784         -4.9501        -6.12763         1.75637         4.94336        -6.12029        -1.75784         9.88809        -12.2406        -3.51274        -19.7869         12.2406         3.51569        -9.89415         6.12029         3.51274         9.89884         6.12763        -3.51569         19.8004         12.2553 
23:        -1.45011        -12.2553        -6.75491         1.45132        -6.12763         -3.3778         2.90265         6.12029        -6.74671        -2.90022         12.2406        -13.4921        -1.45132        -12.2406         6.73782         1.45011        -6.12029         3.36823         2.90022         6.12763         6.75423        -2.90265         12.2553         13.5112 


difference matrix:

                  0               1               2               3               4               5               6               7               8               9              10              11              12              13              14              15              16              17              18              19              20              21              22              23 
----------------------------------------------------------------------------------------------------------------------------------------------------------------------------------------------------------------------------------------------------------------------------------------------------------------------------------------------------------------------------------------------------
 0:      4.5912e-08     1.87976e-08    -1.51495e-08     7.52712e-08    -8.81802e-09     6.64195e-08     1.07467e-08     2.62184e-08     1.05065e-08     6.27014e-08     7.17885e-08     1.66029e-08      8.5373e-08    -5.99901e-08     1.00374e-07    -1.19615e-08    -4.49582e-08     2.92875e-08     2.70437e-08     1.28056e-08     6.51225e-09     2.60108e-08     1.95878e-08     6.36095e-08 
 1:     8.60788e-09     1.22317e-07     6.61126e-08     1.95128e-07     2.28509e-08     2.60936e-07     1.84522e-08     -1.0189e-08     1.74006e-07     3.21748e-08     -6.2215e-08      1.8432e-07     1.29495e-07    -2.51286e-07     5.53309e-07    -2.18692e-07    -2.56305e-07       2.583e-07    -1.39578e-07    -7.85315e-08     3.23102e-07     1.18863e-08    -5.81276e-08     3.26064e-07 
 2:     -1.0095e-07     1.22719e-07    -1.17001e-07     1.89865e-07     1.65192e-08     1.07594e-07     1.42513e-07     1.36378e-07     5.75086e-08     8.57634e-08     1.41176e-07     2.86452e-08     1.05527e-07    -1.21418e-07     1.71605e-07    -3.46989e-08    -9.91948e-08    -5.94149e-08    -8.66182e-08     -6.4133e-08    -2.41905e-09    -9.81704e-08    -2.73607e-08     1.37415e-07 
 3:    -4.56824e-08    -6.42138e-08    -1.58089e-08    -7.50849e-08     5.42776e-08    -3.53309e-08    -1.07207e-08    -7.17018e-08    -3.63225e-11    -6.25888e-08    -2.63485e-08    -2.69431e-08     -8.5427e-08     4.48281e-08     -6.9403e-08     1.20376e-08     6.01202e-08    -6.02153e-08    -2.71585e-08    -2.79145e-08    -1.68154e-08    -2.59955e-08     -4.4356e-09    -5.32197e-08 
 4:      1.8852e-07     -9.4965e-08    -1.30909e-08     5.00299e-08    -2.21955e-07     1.81447e-08    -1.04909e-07    -6.21973e-08     1.14252e-07     6.00447e-08     1.55582e-07    -1.73341e-08     3.34806e-07    -1.25907e-07     3.31603e-07    -9.28412e-08    -2.86049e-07     1.58038e-07    -6.71967e-08     1.07703e-07     1.00743e-07     4.43132e-08    -7.85139e-08     9.35361e-08 
 5:     1.26619e-07     1.06122e-07     1.01448e-08     1.49033e-07    -1.11445e-07     1.09365e-07     1.09853e-07     3.57412e-07     4.96945e-08     1.97501e-07     2.15069e-07    -2.14306e-08     3.44067e-07    -4.91895e-08     3.46033e-07     3.15937e-10      6.5506e-08     5.30521e-08      5.2189e-08     1.59466e-07     5.13147e-08     7.45988e-09     1.23015e-07     1.81648e-07 
 6:     2.11641e-09    -2.96829e-09    -3.83489e-08     2.02441e-08    -6.82037e-08    -3.10879e-08     3.42894e-08     2.80784e-08    -2.71777e-08     4.41329e-08    -5.66096e-08    -1.29033e-08    -2.37837e-08      2.4038e-08      -9.932e-08      6.2917e-08     4.82108e-08    -3.86295e-08     7.70464e-08     6.38472e-10    -1.25094e-07     1.34956e-08     1.63209e-08    -4.64613e-08 
 7:    -1.77731e-07     9.49722e-08    -3.04322e-08    -6.06742e-08     2.21883e-07    -1.48914e-07     1.15815e-07     6.21202e-08     1.66593e-08    -7.06713e-08    -1.55589e-07     6.09573e-08    -3.31134e-07     1.25964e-07    -2.88001e-07      8.9309e-08     2.86137e-07    -2.73748e-08     7.08215e-08    -1.07674e-07    -2.31376e-07    -4.78925e-08     7.86962e-08    -1.37022e-07 
 8:    -5.75985e-08    -1.01667e-08     4.69965e-08    -1.34811e-07     1.57833e-07    -2.94456e-08    -9.57043e-08     -6.9309e-08     3.04259e-08    -7.82551e-08     6.59056e-08    -1.08431e-07     1.36835e-07     -5.5336e-08     2.13547e-07    -7.37263e-08    -3.05879e-07    -5.93086e-08    -1.76015e-07      7.8182e-08     2.29609e-07    -1.37392e-07     -2.8912e-08      5.6575e-10 
 9:     -2.2206e-09     4.85146e-08     2.80521e-08    -2.01748e-08     2.27441e-08     4.15147e-08    -3.40597e-08     1.73615e-08     5.82229e-08      -4.399e-08     1.12998e-08    -1.79685e-08      2.3799e-08    -8.74583e-09     1.09666e-07    -6.29017e-08    -6.32861e-08     2.83698e-08    -7.69269e-08     1.45571e-08     9.42096e-08    -1.35062e-08    -3.13864e-08     7.75192e-08 
10:     -1.9258e-08    -1.22375e-07    -1.96791e-07    -1.84207e-07    -2.28474e-08    -3.04461e-07    -2.91573e-08     1.02312e-08     -1.3016e-07     -2.1394e-08     6.20641e-08    -5.33519e-08    -1.33028e-07     2.51502e-07    -4.22496e-07     2.22394e-07     2.56275e-07     -2.1455e-07     1.35969e-07     7.85182e-08    -3.66583e-07    -8.18376e-09     5.82357e-08    -4.56644e-07 
11:    -1.19445e-07      3.8423e-07     1.47137e-07    -2.29454e-08     3.02733e-07      1.3669e-07      2.4048e-08      8.2378e-09     1.86575e-07    -1.18902e-07     9.45858e-09    -4.87713e-08    -2.67464e-08    -1.19164e-07      4.8322e-07    -1.83522e-07    -5.13906e-09      9.4952e-08    -3.18607e-07     2.12911e-08     4.62016e-07     -1.6026e-07     1.28126e-07     2.42967e-07 
12:    -4.14786e-08     4.71291e-08     2.61305e-08     1.89166e-08     4.26887e-08     3.74126e-08     6.09142e-08     5.48727e-08     3.44706e-08      1.7554e-08     3.08635e-08    -4.65571e-10     4.05778e-08    -4.90734e-08     8.99161e-08    -1.23011e-09     3.55475e-08      1.0689e-08    -3.77822e-08     1.49861e-08     2.16292e-08    -5.27878e-08     6.87093e-08     4.20307e-08 
13:    -2.75123e-07     2.36461e-07     1.44968e-07     7.39019e-09     2.79138e-07     9.28341e-08     1.69416e-07     1.00194e-07     1.79755e-07    -5.79124e-08    -1.01923e-08    -3.37023e-08    -4.83304e-08    -2.95519e-07     4.14083e-07    -3.10723e-08     4.52148e-08    -1.56925e-07    -3.50825e-07    -5.81408e-08     2.91522e-07     -3.2456e-07    -7.49582e-08      3.0884e-07 
14:      9.2187e-08    -2.81065e-07     1.17028e-07    -1.80792e-07    -6.92968e-08    -1.07521e-07    -1.39419e-07    -8.35566e-08    -5.71743e-08    -8.86784e-08      1.6933e-08    -2.83441e-08     -9.6615e-08     2.79975e-07    -1.71483e-07     2.59219e-08     1.51916e-07     5.96277e-08     8.36355e-08     1.13491e-08     2.53024e-09     1.01272e-07      -1.308e-07    -1.37252e-07 
15:     4.13379e-08    -6.23345e-08     4.87131e-09    -1.88839e-08    -2.76134e-08    -6.85011e-08    -6.12458e-08    -7.00249e-08    -4.47673e-08    -1.77555e-08     -1.5798e-08     1.08491e-08    -4.03048e-08     3.61386e-09    -1.20887e-07     1.28627e-09     9.86868e-09     2.02388e-08     3.77214e-08    -6.04261e-08    -1.13695e-08      5.2727e-08    -2.32694e-08    -5.23772e-08 
16:    -1.04723e-07     1.26095e-07     1.40716e-07     -3.2431e-08     2.28512e-08     2.53367e-07     1.36897e-07      1.5535e-07      1.5753e-07     7.01482e-08     1.00096e-07    -8.13031e-08     2.62011e-07     -8.5701e-08     4.04242e-07    -1.03545e-08    -2.60377e-07      9.2999e-09    -8.24598e-08    -7.50456e-08     4.14045e-07    -2.01271e-07     1.07435e-07     1.85508e-07 
17:    -1.17688e-07    -1.58895e-07    -1.00694e-08    -1.57769e-07    -4.69178e-08    -1.09448e-07    -1.12705e-07    -1.99219e-07    -4.94592e-08    -1.94399e-07    -1.62311e-07     2.14985e-08     -3.5281e-07     1.02019e-07    -3.45999e-07     8.66647e-09     9.28993e-08    -5.31113e-08    -4.91876e-08    -3.17721e-07    -5.12153e-08    -1.04123e-08    -1.75559e-07    -1.81546e-07 
18:     4.95517e-08    -4.38331e-08    -3.13481e-08     2.56204e-08    -6.43294e-08    -1.38025e-08    -1.06006e-08    -1.05939e-08    -7.66977e-08     1.58808e-08    -2.58762e-08     1.61036e-08    -6.77404e-09     2.56547e-08    -1.14437e-07     1.20041e-08    -1.97616e-08     1.43478e-08     6.84634e-08     3.10708e-08    -1.14766e-07      7.5011e-08     -4.5334e-08    -6.50292e-08 
19:     1.08258e-07    -1.26083e-07    -9.71934e-08     2.86741e-08    -2.27989e-08    -1.22598e-07    -1.33402e-07    -1.55271e-07    -2.88442e-07    -7.38509e-08    -1.00096e-07     3.76799e-08    -2.51372e-07     8.56502e-08    -4.47844e-07    -4.96184e-10      2.6027e-07    -1.39963e-07     9.32179e-08     7.50058e-08    -2.83413e-07       1.905e-07    -1.07617e-07    -1.42022e-07 
20:     6.04954e-08     6.29398e-08    -4.70491e-08     1.31655e-07     5.29658e-10     2.95056e-08     8.66632e-08    -8.88841e-08    -3.06697e-08     8.69408e-08    -1.18664e-07     1.08383e-07    -1.39878e-07      2.5061e-09    -2.13581e-07     7.65957e-08     1.47473e-07     5.93757e-08     1.84891e-07     8.00727e-08    -2.29708e-07     1.28495e-07     8.14562e-08    -6.71969e-10 
21:    -4.95798e-08     5.89951e-08     4.16448e-08    -2.58654e-08      4.9124e-08     3.41904e-09     1.06333e-08     2.57461e-08     4.56525e-08    -1.59348e-08     1.06806e-08     1.48982e-08     6.71323e-09     1.97615e-08      1.0409e-07     -1.2195e-08    -2.57848e-08     -4.0447e-09    -6.83639e-08      1.4239e-08     1.45694e-07    -7.50416e-08    -1.49353e-10     3.39713e-08 
22:      2.7145e-07    -2.36423e-07    -1.42892e-08    -3.91077e-09    -2.79121e-07    -4.93092e-08    -1.73112e-07    -1.00239e-07    -2.23601e-07     6.14609e-08     1.03497e-08    -9.72655e-08      3.7553e-08     2.95297e-07    -5.44896e-07     4.17534e-08    -4.51643e-08     1.13176e-07     3.40051e-07     5.81654e-08    -2.48042e-07     3.35207e-07     7.48502e-08     -1.7826e-07 
23:      1.1638e-07    -2.25885e-07    -1.47187e-07     2.57652e-08    -2.49955e-07     -1.3674e-07    -1.52497e-08    -6.10594e-08    -1.86901e-07      1.1003e-07    -1.67567e-07     4.84504e-08     2.96222e-08    -3.93931e-08    -4.83342e-07     1.80447e-07    -4.75817e-08    -9.51728e-08     3.09712e-07     3.14929e-08    -4.62128e-07     1.69008e-07     3.00353e-08    -2.43126e-07 

Maximum difference: 4.91217e-05% (at (1,14))
